10 300 3000
0 299 -0.447629 0.451165
0 298 0.691746 0.108254
0 297 -0.654047 -0.130943
0 296 -0.0183636 -0.37731
0 295 -0.0230301 -0.35787
0 294 -0.524848 -0.0361299
0 293 -0.030031 0.455057
0 292 0.194269 -0.88074
0 291 0.621733 -0.368972
0 290 -0.564338 -0.00628363
0 289 -0.14565 0.00288966
0 288 -0.537082 -0.309955
0 287 0.147744 -0.138885
0 286 -0.215458 0.267541
0 285 -0.190423 -0.0674973
0 284 -0.147557 0.106358
0 283 0.0346566 0.187033
0 282 -0.227207 -0.24343
0 281 -0.662818 0.892006
0 280 0.406873 -0.506642
0 279 -0.773036 0.431415
0 278 -0.141224 -0.321098
0 277 -0.310662 0.054223
0 276 0.18325 -0.397005
0 275 -0.136117 -0.318811
0 274 0.449594 0.466097
0 273 0.163176 -0.380576
0 272 0.629024 0.55513
0 271 0.0557307 -0.256706
0 270 0.541425 -0.643763
0 269 0.00844974 -0.279661
0 268 -0.0152684 0.384704
0 267 -0.0967566 0.0437273
0 266 -0.836806 -0.696811
0 265 -0.017139 0.321672
0 264 0.590815 0.684288
0 263 0.157416 -0.27273
0 262 0.0253453 -0.264418
0 261 -0.711185 -0.210334
0 260 -0.255666 -0.338367
0 259 -0.750624 -0.607843
0 258 0.733541 -0.314156
0 257 0.197011 0.535559
0 256 0.345344 -0.435458
0 255 -0.513943 -0.546635
0 254 -0.21598 0.0511196
0 253 0.0690075 0.132114
0 252 0.19529 -0.106752
0 251 -0.912078 -0.887361
0 250 0.198534 -0.286473
0 249 -0.12215 -0.531757
0 248 -0.476271 -0.369797
0 247 0.199025 0.327829
0 246 -0.286977 -0.480472
0 245 0.307112 -0.407011
0 244 -0.00197796 0.29159
0 243 -0.230094 -0.161032
0 242 -0.0483578 -0.413281
0 241 0.459724 0.446861
0 240 0.492434 0.367443
0 239 0.692284 0.348188
0 238 -0.36934 -0.508181
0 237 -0.575923 -0.209065
0 236 -0.442553 0.165983
0 235 -0.337763 -0.294234
0 234 0.380781 0.357763
0 233 0.326697 0.361456
0 232 -0.625195 0.282059
0 231 -0.661975 -0.512043
0 230 -0.285516 0.268232
0 229 -0.248653 0.0428361
0 228 -0.156383 0.262455
0 227 0.486703 0.0187884
0 226 0.498293 0.143609
0 225 -0.445108 -0.00359275
0 224 -0.380346 0.114293
0 223 0.396116 -0.275207
0 222 -0.027377 0.602266
0 221 -0.384083 -0.133552
0 220 0.378539 -0.451004
0 219 0.118079 -0.38476
0 218 -0.0638964 -0.296528
0 217 -0.541249 0.216195
0 216 -0.376994 0.458396
0 215 0.334638 -0.715132
0 214 0.221165 0.49735
0 213 -0.441296 0.195564
0 212 -0.539341 -0.450637
0 211 -0.534141 0.332105
0 210 0.457328 -0.382112
0 209 0.624957 0.0535792
0 208 -0.392384 -0.38451
0 207 -0.139778 0.489002
0 206 0.269738 0.719294
0 205 0.148853 -0.240066
0 204 0.606746 -0.448424
0 203 -0.279134 0.115022
0 202 0.408761 0.68561
0 201 -0.434939 -0.416244
0 200 0.431409 0.477647
0 199 -0.443114 0.588305
0 96 -0.557319 0.0921062
0 95 -0.0958252 -0.0909623
0 94 0.569974 -0.49478
0 93 0.516513 0.682225
0 92 0.673346 -0.441764
0 91 -0.562756 0.144552
0 90 0.0648102 -0.0081247
0 89 -0.229233 0.618054
0 88 -0.278587 0.538721
0 87 0.450418 -0.5915
0 86 -0.436959 -0.454114
0 85 0.0274102 0.159826
0 84 0.0830992 0.243999
0 83 0.77735 -0.547947
0 82 0.631043 0.435578
0 81 0.426662 -0.0827781
0 80 0.0920548 -0.395427
0 79 -0.449832 0.150459
0 78 -0.131516 -0.192034
0 77 -0.0133828 0.233384
0 76 -0.514524 -0.189593
0 75 -0.124267 0.439079
0 74 -0.2635 -0.328505
0 73 0.1922 -0.501663
0 72 0.0623169 -0.567259
0 71 -0.410932 -0.232549
0 70 -0.283042 0.65017
0 69 -0.461873 -0.561773
0 68 -0.381422 -0.466981
0 67 0.0907941 0.0879516
0 66 -0.855557 0.00158607
0 65 -0.368099 0.102064
0 64 0.0342206 -0.478992
0 63 -0.0559472 0.193809
0 62 -0.107168 0.51718
0 61 0.308269 0.0723468
0 60 0.0570025 0.136171
0 59 0.264213 0.390338
0 58 -0.0319766 -0.169385
0 57 -0.0169108 -0.279804
0 56 -0.203665 0.830828
0 55 -0.0631173 0.206126
0 54 -0.306697 -0.0038883
0 53 -0.626242 -0.695566
0 52 0.305976 -0.0141316
0 51 -0.418922 -0.124639
0 50 0.342322 -0.029289
0 49 0.796999 -0.720302
0 48 0.379648 0.445213
0 47 0.142967 0.242185
0 22 -0.208365 0.125623
0 21 -0.451189 0.46224
0 20 0.39712 -0.136625
0 19 -0.475233 0.173479
0 18 0.0414048 0.170441
0 17 -0.41996 -0.050719
0 16 -0.307571 -0.305977
0 15 0.0879861 0.485743
0 14 -0.406327 0.487132
0 13 0.0925534 0.213982
0 12 0.150054 -0.37645
0 11 -0.625969 0.329454
0 4 0.325948 0.533651
0 3 -0.328219 -0.0263611
0 2 -0.00146576 -0.593912
0 0 -0.496282 -0.072897
0 1 -0.755437 0.68184
0 5 -0.529065 0.239425
0 6 -0.425914 0.256766
0 7 0.572083 0.509846
0 8 -0.472975 0.0282491
0 9 -0.457835 0.516384
0 10 0.245532 -0.173275
0 23 -0.627995 0.0987807
0 24 -0.779879 -0.200143
0 25 -0.188884 0.322781
0 26 0.500327 -0.391804
0 27 0.332578 0.543193
0 28 0.334291 0.51694
0 29 -0.34179 -0.307924
0 30 0.129197 -0.223255
0 31 0.0233973 0.077878
0 32 0.139024 0.202722
0 33 -0.381491 0.515096
0 34 0.120225 -0.0992376
0 35 -0.586982 -0.545568
0 36 -0.228251 -0.332249
0 37 -0.481772 -0.0632965
0 38 0.144661 0.260591
0 39 -0.739266 0.369961
0 40 -0.675493 0.284355
0 41 0.286646 0.440211
0 42 -0.0192005 -0.350005
0 43 0.558404 -0.862144
0 44 0.246621 0.835447
0 45 -0.391563 -0.116627
0 46 -0.517586 -0.591258
0 97 -0.442416 -0.863053
0 98 0.243376 0.244111
0 99 -0.18605 -0.0563646
0 100 0.375087 0.219481
0 101 0.595637 0.590429
0 102 -0.019956 -0.626237
0 103 0.314471 -0.164091
0 104 0.0815907 -0.058759
0 105 0.409755 -0.293765
0 106 0.516014 0.436701
0 107 0.540041 0.557764
0 108 -0.0181003 0.374774
0 109 -0.737347 0.49339
0 110 -0.273161 -0.614613
0 111 0.203001 -0.367391
0 112 0.550147 -0.338558
0 113 0.0530184 -0.321714
0 114 0.328782 -0.352039
0 115 0.143549 -0.213843
0 116 0.731162 0.0114397
0 117 -0.221682 0.538993
0 118 -0.0505125 -0.429632
0 119 -0.333044 0.399341
0 120 0.379148 -0.5559
0 121 -0.645912 0.714945
0 122 -0.282574 -0.245527
0 123 0.482333 -0.824515
0 124 -0.392604 0.127299
0 125 0.729995 -0.420232
0 126 -0.295512 -0.31596
0 127 -0.0970498 -0.167699
0 128 0.433844 0.441901
0 129 0.0188893 0.237835
0 130 -0.184253 -0.436655
0 131 0.256878 -0.00988104
0 132 0.22788 -0.180968
0 133 -0.0561629 -0.0795209
0 134 -0.425921 0.506177
0 135 -0.641973 -0.869347
0 136 -0.677627 0.0304816
0 137 0.0736804 -0.570406
0 138 -0.0976486 -0.509806
0 139 0.168238 -0.519496
0 140 -0.92085 0.166174
0 141 0.448914 0.445417
0 142 0.0599067 -0.0886349
0 143 0.486691 -0.111182
0 144 -0.173862 0.921035
0 145 0.359427 -0.820297
0 146 -0.428813 -0.158092
0 147 -0.298593 -0.543785
0 148 0.0205914 -0.585318
0 149 -0.699035 0.604685
0 150 0.0184251 -0.305928
0 151 0.264142 0.319805
0 152 0.210162 -0.235279
0 153 0.266724 -0.369053
0 154 -0.0730488 0.0708328
0 155 -0.423953 0.259738
0 156 -0.272053 -0.574978
0 157 0.0247129 -0.349411
0 158 0.0643495 -0.399521
0 159 -0.192885 0.272486
0 160 0.0643355 -0.862051
0 161 0.382612 -0.578826
0 162 -0.420997 -0.0110849
0 163 0.582168 0.389627
0 164 -0.239742 0.0110675
0 165 -0.564507 0.45245
0 166 -0.273864 -0.180171
0 167 0.0656695 0.051677
0 168 -0.347702 -0.457908
0 169 0.0782781 -0.53699
0 170 0.156081 -0.570497
0 171 0.478253 -0.610262
0 172 -0.0369446 0.359593
0 173 0.195624 -0.68251
0 174 -0.334064 0.0310112
0 175 -0.022171 -0.104187
0 176 0.354435 -0.224207
0 177 -0.196417 0.201751
0 178 -0.0995483 -0.619048
0 179 0.0211831 -0.409914
0 180 -0.485574 0.0356934
0 181 0.332213 -0.0316136
0 182 -0.224573 -0.505179
0 183 0.202815 -0.518532
0 184 0.676384 0.122137
0 185 -0.478216 -0.339266
0 186 0.514522 0.82824
0 187 0.627761 -0.457735
0 188 -0.528329 -0.183521
0 189 -0.319457 0.294383
0 190 0.0789124 -0.274427
0 191 0.0984848 0.326049
0 192 0.616361 0.0331218
0 193 -0.421449 -0.0655158
0 194 -0.364897 -0.0321202
0 195 -0.159353 -0.385962
0 196 0.341833 -0.543138
0 197 0.260195 0.645913
0 198 0.0253137 -0.627322
1 299 -0.437124 0.40969
1 298 0.703842 0.0227823
1 297 -0.672814 -0.176554
1 296 -0.0338146 -0.42867
1 295 -0.0395668 -0.414498
1 294 -0.53205 -0.0645042
1 293 -0.0137359 0.410304
1 292 0.162593 -0.977641
1 291 0.614007 -0.450239
1 290 -0.572194 -0.0305048
1 289 -0.148605 -0.0525763
1 288 -0.555978 -0.335406
1 287 0.143916 -0.191688
1 286 -0.205622 0.235276
1 285 -0.197583 -0.112261
1 284 -0.149593 0.0710487
1 283 0.0416195 0.117852
1 282 -0.24006 -0.297288
1 281 -0.642214 0.858229
1 280 0.390371 -0.568596
1 279 -0.772547 0.396766
1 278 -0.155087 -0.361625
1 277 -0.31027 0.0191083
1 276 0.166536 -0.479876
1 275 -0.152319 -0.358943
1 274 0.47285 0.409014
1 273 0.151917 -0.442052
1 272 0.660903 0.468056
1 271 0.0455907 -0.309078
1 270 0.523505 -0.754087
1 269 -0.00346351 -0.323606
1 268 -0.00102461 0.337874
1 267 -0.100185 -0.0277812
1 266 -0.879881 -0.743507
1 265 -0.0041175 0.282321
1 264 0.624302 0.614561
1 263 0.146781 -0.346428
1 262 0.0169849 -0.325206
1 261 -0.732171 -0.259111
1 260 -0.272182 -0.369743
1 259 -0.78667 -0.652978
1 258 0.730634 -0.409331
1 257 0.218591 0.484037
1 256 0.331005 -0.500117
1 255 -0.542048 -0.589257
1 254 -0.217994 0.000704744
1 253 0.0719582 0.0903109
1 252 0.193128 -0.179333
1 251 -0.967163 -0.944592
1 250 0.188286 -0.345862
1 249 -0.145566 -0.575938
1 248 -0.497555 -0.40695
1 247 0.214886 0.276888
1 246 -0.313715 -0.54075
1 245 0.293778 -0.471717
1 244 0.00856794 0.252877
1 243 -0.237356 -0.195772
1 242 -0.0659854 -0.474591
1 241 0.481974 0.393916
1 240 0.510983 0.298025
1 239 0.713905 0.268015
1 238 -0.397229 -0.562952
1 237 -0.594382 -0.258454
1 236 -0.440195 0.138802
1 235 -0.354731 -0.33534
1 234 0.396237 0.30202
1 233 0.341949 0.309925
1 232 -0.623218 0.250511
1 231 -0.69327 -0.552184
1 230 -0.278692 0.234724
1 229 -0.249413 0.0101126
1 228 -0.148213 0.227051
1 227 0.491223 -0.041327
1 226 0.509387 0.0552077
1 225 -0.449669 -0.027997
1 224 -0.381628 0.089229
1 223 0.38667 -0.341057
1 222 -0.00601592 0.553669
1 221 -0.395112 -0.162433
1 220 0.36653 -0.519976
1 219 0.104155 -0.455672
1 218 -0.0784727 -0.359003
1 217 -0.539905 0.185707
1 216 -0.361651 0.44065
1 215 0.310153 -0.815058
1 214 0.243102 0.453999
1 213 -0.440633 0.165499
1 212 -0.567196 -0.487594
1 211 -0.531599 0.282413
1 210 0.445974 -0.455599
1 209 0.633497 -0.02829
1 208 -0.41308 -0.4153
1 207 -0.122585 0.449158
1 206 0.301365 0.658427
1 205 0.142571 -0.298712
1 204 0.596863 -0.538212
1 203 -0.278138 0.0815226
1 202 0.440663 0.616758
1 201 -0.457098 -0.454507
1 200 0.456928 0.408756
1 199 -0.426163 0.557973
1 96 -0.562867 0.0648571
1 95 -0.100129 -0.136238
1 94 0.555529 -0.577267
1 93 0.550458 0.597667
1 92 0.66445 -0.538891
1 91 -0.56632 0.11889
1 90 0.0639042 -0.0764175
1 89 -0.211552 0.57987
1 88 -0.264478 0.503114
1 87 0.432035 -0.682827
1 86 -0.463756 -0.506571
1 85 0.0349066 0.114355
1 84 0.092658 0.190302
1 83 0.768845 -0.647518
1 82 0.655338 0.362566
1 81 0.427732 -0.164976
1 80 0.0780549 -0.44235
1 79 -0.448398 0.13052
1 78 -0.141999 -0.237871
1 77 -0.0029134 0.190006
1 76 -0.529722 -0.228065
1 75 -0.111289 0.375094
1 74 -0.27874 -0.365402
1 73 0.174039 -0.575539
1 72 0.0402923 -0.628948
1 71 -0.423352 -0.261057
1 70 -0.262293 0.613626
1 69 -0.491212 -0.596503
1 68 -0.404833 -0.499091
1 67 0.0946402 0.0456038
1 66 -0.870519 -0.0366386
1 65 -0.366574 0.0785786
1 64 0.0170227 -0.528019
1 63 -0.0512602 0.154313
1 62 -0.0906889 0.46508
1 61 0.31095 0.0164508
1 60 0.0621619 0.0905698
1 59 0.28169 0.34371
1 58 -0.0386578 -0.24337
1 57 -0.0273479 -0.325911
1 56 -0.176318 0.77926
1 55 -0.057261 0.165908
1 54 -0.314655 -0.0551866
1 53 -0.665622 -0.737237
1 52 0.307979 -0.0725073
1 51 -0.431763 -0.174756
1 50 0.347254 -0.11876
1 49 0.78139 -0.83204
1 48 0.399822 0.394196
1 47 0.1549 0.174631
1 22 -0.208322 0.0908218
1 21 -0.442948 0.425628
1 20 0.396232 -0.201516
1 19 -0.472843 0.152682
1 18 0.0477986 0.12437
1 17 -0.429822 -0.0849742
1 16 -0.323992 -0.340256
1 15 0.1071 0.443349
1 14 -0.391516 0.464296
1 13 0.101194 0.163988
1 12 0.13468 -0.429638
1 11 -0.623447 0.279816
1 4 0.349391 0.470055
1 3 -0.334844 -0.0584195
1 2 -0.0270059 -0.651255
1 0 -0.509953 -0.125066
1 1 -0.74073 0.654524
1 5 -0.53178 0.190059
1 6 -0.421601 0.223562
1 7 0.599536 0.442894
1 8 -0.477516 -0.0076975
1 9 -0.441292 0.496467
1 10 0.239258 -0.22549
1 23 -0.635612 0.0612856
1 24 -0.8024 -0.242555
1 25 -0.178744 0.277588
1 26 0.488145 -0.465344
1 27 0.35824 0.475288
1 28 0.356193 0.458315
1 29 -0.35749 -0.346881
1 30 0.121404 -0.310853
1 31 0.0268799 0.016924
1 32 0.150482 0.157405
1 33 -0.364978 0.492028
1 34 0.11707 -0.151398
1 35 -0.615114 -0.579282
1 36 -0.245705 -0.400002
1 37 -0.489809 -0.0872625
1 38 0.154283 0.200217
1 39 -0.737935 0.336228
1 40 -0.676437 0.256921
1 41 0.308765 0.362488
1 42 -0.0338055 -0.394143
1 43 0.531658 -0.975531
1 44 0.282563 0.76928
1 45 -0.402025 -0.155921
1 46 -0.549821 -0.6294
1 97 -0.483811 -0.927318
1 98 0.255415 0.195689
1 99 -0.191889 -0.0987298
1 100 0.389008 0.157895
1 101 0.622892 0.525667
1 102 -0.0480102 -0.690019
1 103 0.309177 -0.224912
1 104 0.077732 -0.118398
1 105 0.403192 -0.359356
1 106 0.538348 0.375751
1 107 0.568037 0.489217
1 108 -0.00472486 0.332353
1 109 -0.733761 0.464033
1 110 -0.304076 -0.66645
1 111 0.193483 -0.443685
1 112 0.543973 -0.434971
1 113 0.0395591 -0.368423
1 114 0.315191 -0.406197
1 115 0.135323 -0.279049
1 116 0.74434 -0.0907593
1 117 -0.202174 0.505487
1 118 -0.0677536 -0.483484
1 119 -0.320729 0.365298
1 120 0.363091 -0.65595
1 121 -0.627301 0.689352
1 122 -0.298113 -0.308254
1 123 0.458401 -0.934232
1 124 -0.393247 0.0944922
1 125 0.720333 -0.518738
1 126 -0.313654 -0.375873
1 127 -0.104153 -0.233396
1 128 0.453497 0.389133
1 129 0.0271494 0.173266
1 130 -0.204836 -0.475513
1 131 0.258152 -0.0772965
1 132 0.22288 -0.240497
1 133 -0.0596044 -0.148096
1 134 -0.409581 0.488542
1 135 -0.690053 -0.92878
1 136 -0.686293 -0.00512665
1 137 0.0500025 -0.625344
1 138 -0.120572 -0.553674
1 139 0.149748 -0.618634
1 140 -0.932071 0.131666
1 141 0.471835 0.390088
1 142 0.0537351 -0.146424
1 143 0.487811 -0.176869
1 144 -0.139446 0.866544
1 145 0.331843 -0.932539
1 146 -0.441137 -0.196556
1 147 -0.324701 -0.583266
1 148 -0.00517492 -0.657922
1 149 -0.687407 0.581318
1 150 0.00515727 -0.390268
1 151 0.280654 0.257419
1 152 0.203889 -0.286429
1 153 0.254106 -0.43134
1 154 -0.0734073 0.0353978
1 155 -0.417942 0.230974
1 156 -0.298826 -0.635525
1 157 0.0102792 -0.413189
1 158 0.0493865 -0.45296
1 159 -0.182935 0.240428
1 160 0.0294436 -0.950199
1 161 0.361232 -0.655887
1 162 -0.42728 -0.0348701
1 163 0.605845 0.320847
1 164 -0.243976 -0.029354
1 165 -0.553141 0.432741
1 166 -0.286947 -0.238859
1 167 0.0657446 -0.0189346
1 168 -0.373528 -0.527269
1 169 0.0549414 -0.605864
1 170 0.13345 -0.635018
1 171 0.458198 -0.692344
1 172 -0.0252908 0.294408
1 173 0.170794 -0.766798
1 174 -0.335277 -0.00225305
1 175 -0.0277191 -0.164061
1 176 0.348693 -0.285644
1 177 -0.190457 0.168388
1 178 -0.125279 -0.675921
1 179 0.00256067 -0.469191
1 180 -0.487268 0.01211
1 181 0.33504 -0.0870756
1 182 -0.251945 -0.564857
1 183 0.184938 -0.605932
1 184 0.690602 0.0330409
1 185 -0.498312 -0.365797
1 186 0.554469 0.749586
1 187 0.616636 -0.54019
1 188 -0.54142 -0.209484
1 189 -0.315064 0.262289
1 190 0.0699901 -0.320724
1 191 0.111511 0.253462
1 192 0.62784 -0.0693265
1 193 -0.433905 -0.120489
1 194 -0.371908 -0.0607541
1 195 -0.176666 -0.446505
1 196 0.32444 -0.610434
1 197 0.290376 0.577548
1 198 0.00256115 -0.687842
2 299 -0.429388 0.364426
2 298 0.71229 -0.0662299
2 297 -0.691698 -0.22429
2 296 -0.0537842 -0.4839
2 295 -0.0540804 -0.471397
2 294 -0.540556 -0.0922048
2 293 0.00212758 0.361003
2 292 0.126541 -1.07884
2 291 0.603872 -0.532544
2 290 -0.579803 -0.0521221
2 289 -0.154275 -0.108667
2 288 -0.576693 -0.358398
2 287 0.137011 -0.243111
2 286 -0.201009 0.199506
2 285 -0.203729 -0.158899
2 284 -0.148727 0.036324
2 283 0.046213 0.0467853
2 282 -0.257208 -0.352528
2 281 -0.619788 0.820723
2 280 0.370717 -0.631694
2 279 -0.768371 0.366362
2 278 -0.174333 -0.403463
2 277 -0.318502 -0.0148087
2 276 0.149843 -0.56073
2 275 -0.165587 -0.402955
2 274 0.49343 0.348751
2 273 0.134097 -0.506934
2 272 0.688615 0.374104
2 271 0.0332828 -0.360082
2 270 0.501816 -0.862524
2 269 -0.016131 -0.368872
2 268 0.0132334 0.29229
2 267 -0.102608 -0.0995638
2 266 -0.924996 -0.790968
2 265 0.00493945 0.241514
2 264 0.653981 0.54161
2 263 0.135876 -0.421897
2 262 0.00151252 -0.387044
2 261 -0.755469 -0.308696
2 260 -0.291224 -0.405255
2 259 -0.825315 -0.694684
2 258 0.72443 -0.510392
2 257 0.240146 0.432746
2 256 0.313227 -0.566996
2 255 -0.574362 -0.635633
2 254 -0.2229 -0.0491178
2 253 0.0749246 0.0441727
2 252 0.186493 -0.252225
2 251 -1.02519 -1.00132
2 250 0.17908 -0.404986
2 249 -0.170858 -0.619606
2 248 -0.518816 -0.446609
2 247 0.225399 0.223408
2 246 -0.338322 -0.600231
2 245 0.280445 -0.533618
2 244 0.0182759 0.21138
2 243 -0.248672 -0.234657
2 242 -0.0898813 -0.537143
2 241 0.500932 0.335609
2 240 0.528748 0.226359
2 239 0.736375 0.184787
2 238 -0.425826 -0.61578
2 237 -0.614291 -0.309143
2 236 -0.441681 0.112886
2 235 -0.373644 -0.378288
2 234 0.411475 0.247196
2 233 0.359772 0.255891
2 232 -0.623094 0.219588
2 231 -0.726535 -0.592671
2 230 -0.271779 0.202528
2 229 -0.252426 -0.0229744
2 228 -0.142191 0.188425
2 227 0.494452 -0.0999126
2 226 0.51658 -0.038222
2 225 -0.455493 -0.0513177
2 224 -0.381424 0.0648889
2 223 0.377395 -0.405209
2 222 0.0162753 0.502769
2 221 -0.407113 -0.193001
2 220 0.347417 -0.589869
2 219 0.0864746 -0.525462
2 218 -0.0922969 -0.421814
2 217 -0.543262 0.161925
2 216 -0.350863 0.419142
2 215 0.281241 -0.919215
2 214 0.261516 0.408199
2 213 -0.440257 0.134444
2 212 -0.592217 -0.524708
2 211 -0.53213 0.230807
2 210 0.433439 -0.530222
2 209 0.640822 -0.113895
2 208 -0.434495 -0.445955
2 207 -0.10893 0.4102
2 206 0.330425 0.594431
2 205 0.130239 -0.357943
2 204 0.581524 -0.630884
2 203 -0.281405 0.0506829
2 202 0.47106 0.545644
2 201 -0.481301 -0.492427
2 200 0.477759 0.340081
2 199 -0.411423 0.527315
2 96 -0.567121 0.0298799
2 95 -0.106623 -0.183398
2 94 0.539071 -0.662348
2 93 0.58301 0.508782
2 92 0.652004 -0.639519
2 91 -0.568962 0.0909867
2 90 0.0606161 -0.147017
2 89 -0.19039 0.538453
2 88 -0.246992 0.4682
2 87 0.412259 -0.780744
2 86 -0.490849 -0.557018
2 85 0.03662 0.0691446
2 84 0.100632 0.137549
2 83 0.75074 -0.755557
2 82 0.675764 0.285319
2 81 0.427494 -0.249557
2 80 0.0583888 -0.491097
2 79 -0.446745 0.111768
2 78 -0.15329 -0.284533
2 77 0.00544258 0.146789
2 76 -0.54765 -0.270457
2 75 -0.100386 0.306108
2 74 -0.300309 -0.402991
2 73 0.151503 -0.650872
2 72 0.0130166 -0.693406
2 71 -0.438476 -0.288229
2 70 -0.243695 0.572737
2 69 -0.521186 -0.628852
2 68 -0.429123 -0.53077
2 67 0.0950163 0.00173084
2 66 -0.889456 -0.0792928
2 65 -0.368187 0.054082
2 64 -0.00400226 -0.577104
2 63 -0.0468261 0.116507
2 62 -0.072608 0.409921
2 61 0.312869 -0.0375
2 60 0.0644576 0.0438067
2 59 0.29801 0.29672
2 58 -0.053867 -0.318493
2 57 -0.0424586 -0.37396
2 56 -0.147872 0.726658
2 55 -0.0528453 0.123969
2 54 -0.319904 -0.10267
2 53 -0.705184 -0.775406
2 52 0.306092 -0.131771
2 51 -0.443729 -0.220867
2 50 0.346496 -0.210017
2 49 0.760525 -0.942165
2 48 0.41866 0.33493
2 47 0.162793 0.102851
2 22 -0.205352 0.0554639
2 21 -0.431815 0.383798
2 20 0.389209 -0.266485
2 19 -0.471937 0.130634
2 18 0.0524712 0.0767123
2 17 -0.438968 -0.116166
2 16 -0.34132 -0.370028
2 15 0.127037 0.398297
2 14 -0.378278 0.44318
2 13 0.110066 0.111456
2 12 0.11902 -0.480357
2 11 -0.626126 0.227344
2 4 0.371642 0.404979
2 3 -0.341147 -0.0902999
2 2 -0.0542065 -0.710378
2 0 -0.524755 -0.178728
2 1 -0.727459 0.624564
2 5 -0.534905 0.141309
2 6 -0.420427 0.196191
2 7 0.622477 0.376428
2 8 -0.487772 -0.0431275
2 9 -0.427806 0.474537
2 10 0.234759 -0.276077
2 23 -0.643796 0.0193231
2 24 -0.825841 -0.284141
2 25 -0.172509 0.233662
2 26 0.47704 -0.538327
2 27 0.382793 0.403649
2 28 0.378043 0.398114
2 29 -0.37605 -0.389118
2 30 0.109621 -0.402829
2 31 0.0277858 -0.0499271
2 32 0.15579 0.107296
2 33 -0.352974 0.469479
2 34 0.110981 -0.204178
2 35 -0.645513 -0.614374
2 36 -0.267757 -0.464123
2 37 -0.497915 -0.114139
2 38 0.165711 0.134876
2 39 -0.736995 0.302464
2 40 -0.674363 0.227306
2 41 0.330123 0.285211
2 42 -0.0489904 -0.440785
2 43 0.503405 -1.09163
2 44 0.318785 0.703014
2 45 -0.416021 -0.199282
2 46 -0.582609 -0.669425
2 97 -0.53076 -0.994318
2 98 0.264044 0.147189
2 99 -0.197905 -0.145076
2 100 0.395914 0.0950774
2 101 0.65002 0.457729
2 102 -0.0786683 -0.754129
2 103 0.3038 -0.288124
2 104 0.0733093 -0.181767
2 105 0.390295 -0.424651
2 106 0.557456 0.312786
2 107 0.592486 0.418523
2 108 0.00779736 0.290326
2 109 -0.725804 0.431805
2 110 -0.333752 -0.716131
2 111 0.173888 -0.519343
2 112 0.535446 -0.534615
2 113 0.0242685 -0.415459
2 114 0.303274 -0.462798
2 115 0.122783 -0.348172
2 116 0.749583 -0.199392
2 117 -0.187305 0.468804
2 118 -0.0892706 -0.539579
2 119 -0.310848 0.329784
2 120 0.34202 -0.759334
2 121 -0.61079 0.659078
2 122 -0.318633 -0.374351
2 123 0.427946 -1.044
2 124 -0.395539 0.0598482
2 125 0.710133 -0.616545
2 126 -0.335227 -0.433023
2 127 -0.118714 -0.300626
2 128 0.472212 0.337389
2 129 0.0347644 0.105829
2 130 -0.225786 -0.510755
2 131 0.258686 -0.149302
2 132 0.215308 -0.300062
2 133 -0.0677182 -0.221191
2 134 -0.393963 0.468589
2 135 -0.738966 -0.987473
2 136 -0.69681 -0.041487
2 137 0.0268916 -0.684686
2 138 -0.143443 -0.597907
2 139 0.126048 -0.717116
2 140 -0.945312 0.093997
2 141 0.488949 0.332889
2 142 0.0500148 -0.20656
2 143 0.484679 -0.244669
2 144 -0.108457 0.80762
2 145 0.300621 -1.04425
2 146 -0.455684 -0.230358
2 147 -0.349327 -0.621388
2 148 -0.0325758 -0.728928
2 149 -0.674838 0.553324
2 150 -0.00933816 -0.477512
2 151 0.293725 0.195222
2 152 0.193077 -0.33621
2 153 0.238397 -0.49106
2 154 -0.0726634 -0.00440435
2 155 -0.41395 0.201058
2 156 -0.33078 -0.693858
2 157 -0.0108636 -0.483631
2 158 0.0288933 -0.508629
2 159 -0.175167 0.210162
2 160 -0.0104956 -1.03832
2 161 0.338508 -0.739945
2 162 -0.433456 -0.0591808
2 163 0.624431 0.25181
2 164 -0.248015 -0.068069
2 165 -0.543167 0.411876
2 166 -0.302598 -0.304034
2 167 0.0630398 -0.0964326
2 168 -0.403134 -0.601098
2 169 0.031504 -0.674793
2 170 0.107337 -0.697693
2 171 0.435402 -0.771585
2 172 -0.0148096 0.231275
2 173 0.140285 -0.852566
2 174 -0.340279 -0.0356506
2 175 -0.0343417 -0.226984
2 176 0.340399 -0.349784
2 177 -0.185911 0.137423
2 178 -0.155047 -0.727102
2 179 -0.0165271 -0.530081
2 180 -0.494177 -0.00530754
2 181 0.333878 -0.144267
2 182 -0.278337 -0.624879
2 183 0.162043 -0.694386
2 184 0.702381 -0.0560971
2 185 -0.516368 -0.387758
2 186 0.593054 0.672787
2 187 0.600064 -0.621611
2 188 -0.55575 -0.232349
2 189 -0.310329 0.231228
2 190 0.0550716 -0.367214
2 191 0.12273 0.172889
2 192 0.635307 -0.176178
2 193 -0.444371 -0.18004
2 194 -0.379348 -0.0896973
2 195 -0.198615 -0.506134
2 196 0.300024 -0.67959
2 197 0.316475 0.50438
2 198 -0.0280995 -0.743674
3 299 -0.421619 0.318402
3 298 0.71909 -0.158423
3 297 -0.713957 -0.272221
3 296 -0.0743796 -0.537698
3 295 -0.0747845 -0.52926
3 294 -0.553803 -0.120924
3 293 0.0151237 0.312118
3 292 0.0830977 -1.18007
3 291 0.587792 -0.616703
3 290 -0.58695 -0.0781698
3 289 -0.160917 -0.16476
3 288 -0.596998 -0.385329
3 287 0.128847 -0.298416
3 286 -0.196283 0.163465
3 285 -0.213054 -0.204071
3 284 -0.149567 0.000460004
3 283 0.0457913 -0.0269355
3 282 -0.277364 -0.411806
3 281 -0.600492 0.780555
3 280 0.347624 -0.692717
3 279 -0.768552 0.329717
3 278 -0.193189 -0.4453
3 277 -0.323481 -0.0515128
3 276 0.128806 -0.648039
3 275 -0.187413 -0.445879
3 274 0.508779 0.287339
3 273 0.11319 -0.569031
3 272 0.714091 0.277667
3 271 0.0193967 -0.412458
3 270 0.474449 -0.9763
3 269 -0.0304904 -0.414393
3 268 0.0238624 0.240741
3 267 -0.109136 -0.17447
3 266 -0.97135 -0.837768
3 265 0.013409 0.199143
3 264 0.686448 0.462551
3 263 0.121301 -0.500567
3 262 -0.0134502 -0.449539
3 261 -0.783355 -0.359246
3 260 -0.309883 -0.438881
3 259 -0.865827 -0.737296
3 258 0.712585 -0.612321
3 257 0.256956 0.380123
3 256 0.291564 -0.632201
3 255 -0.609965 -0.680765
3 254 -0.22995 -0.0999166
3 253 0.0763318 -0.00161664
3 252 0.178161 -0.32808
3 251 -1.08578 -1.05866
3 250 0.16353 -0.467017
3 249 -0.197074 -0.661701
3 248 -0.544099 -0.487743
3 247 0.237251 0.170711
3 246 -0.371553 -0.660102
3 245 0.259082 -0.602882
3 244 0.0254255 0.171895
3 243 -0.262537 -0.272573
3 242 -0.111824 -0.599735
3 241 0.51645 0.280525
3 240 0.543678 0.148378
3 239 0.751172 0.0991087
3 238 -0.457091 -0.668375
3 237 -0.63925 -0.357686
3 236 -0.442847 0.0815843
3 235 -0.395478 -0.421952
3 234 0.423676 0.186293
3 233 0.370807 0.199529
3 232 -0.624995 0.188222
3 231 -0.760927 -0.635541
3 230 -0.269992 0.168713
3 229 -0.256251 -0.0566119
3 228 -0.137467 0.148917
3 227 0.493325 -0.161486
3 226 0.524403 -0.132126
3 225 -0.46137 -0.0776851
3 224 -0.38322 0.0401985
3 223 0.364922 -0.469647
3 222 0.0351939 0.447951
3 221 -0.418557 -0.223822
3 220 0.329661 -0.662059
3 219 0.066307 -0.598963
3 218 -0.113444 -0.485593
3 217 -0.54184 0.130716
3 216 -0.33575 0.395606
3 215 0.249211 -1.02174
3 214 0.278874 0.357763
3 213 -0.441732 0.101699
3 212 -0.620805 -0.559883
3 211 -0.534602 0.174111
3 210 0.414475 -0.605072
3 209 0.645499 -0.201905
3 208 -0.455627 -0.47748
3 207 -0.0923139 0.369336
3 206 0.359683 0.526642
3 205 0.116422 -0.415989
3 204 0.564967 -0.726983
3 203 -0.279832 0.0173668
3 202 0.49645 0.47039
3 201 -0.50708 -0.530734
3 200 0.496512 0.264414
3 199 -0.396676 0.493283
3 96 -0.576426 -0.00405651
3 95 -0.1174 -0.230951
3 94 0.519248 -0.746759
3 93 0.612041 0.417813
3 92 0.635924 -0.744959
3 91 -0.572084 0.0682873
3 90 0.05419 -0.219082
3 89 -0.172529 0.500787
3 88 -0.233983 0.429909
3 87 0.386782 -0.874002
3 86 -0.522347 -0.611829
3 85 0.0414886 0.0231314
3 84 0.106495 0.0860944
3 83 0.732707 -0.863555
3 82 0.696473 0.207478
3 81 0.422247 -0.339736
3 80 0.0389502 -0.53791
3 79 -0.446663 0.0864159
3 78 -0.167615 -0.334361
3 77 0.00985978 0.100188
3 76 -0.568315 -0.310804
3 75 -0.0906659 0.236455
3 74 -0.319098 -0.439433
3 73 0.128751 -0.728961
3 72 -0.0134591 -0.755471
3 71 -0.455427 -0.314676
3 70 -0.225211 0.533378
3 69 -0.55002 -0.662566
3 68 -0.456017 -0.56433
3 67 0.0939818 -0.0446853
3 66 -0.910329 -0.124727
3 65 -0.369878 0.027755
3 64 -0.0300943 -0.622726
3 63 -0.0409288 0.076694
3 62 -0.0596619 0.34963
3 61 0.317135 -0.0958699
3 60 0.0647424 -0.00468561
3 59 0.310244 0.246029
3 58 -0.0671263 -0.394666
3 57 -0.0581971 -0.42405
3 56 -0.123623 0.67028
3 55 -0.0493791 0.0775039
3 54 -0.330787 -0.159713
3 53 -0.744223 -0.815545
3 52 0.305579 -0.191816
3 51 -0.460226 -0.273796
3 50 0.342028 -0.30447
3 49 0.731294 -1.05651
3 48 0.43515 0.278778
3 47 0.168942 0.0289989
3 22 -0.206552 0.0166964
3 21 -0.426071 0.344018
3 20 0.383666 -0.334963
3 19 -0.474404 0.104877
3 18 0.056355 0.025538
3 17 -0.44932 -0.150872
3 16 -0.361571 -0.403054
3 15 0.142089 0.354119
3 14 -0.365934 0.418102
3 13 0.112509 0.0563756
3 12 0.0988855 -0.533468
3 11 -0.63352 0.175409
3 4 0.392231 0.338699
3 3 -0.348188 -0.121665
3 2 -0.0820441 -0.768625
3 0 -0.541909 -0.234455
3 1 -0.715831 0.594666
3 5 -0.540106 0.0887671
3 6 -0.418002 0.159795
3 7 0.642685 0.306044
3 8 -0.495313 -0.0809318
3 9 -0.413374 0.450884
3 10 0.224019 -0.329082
3 23 -0.65332 -0.0231926
3 24 -0.853931 -0.3303
3 25 -0.165794 0.185085
3 26 0.45777 -0.610457
3 27 0.402554 0.326262
3 28 0.39663 0.334549
3 29 -0.399322 -0.430348
3 30 0.0944675 -0.500067
3 31 0.0231418 -0.116298
3 32 0.159833 0.0571544
3 33 -0.337393 0.442462
3 34 0.102055 -0.256106
3 35 -0.679455 -0.650715
3 36 -0.291569 -0.533415
3 37 -0.506794 -0.139192
3 38 0.17066 0.0698762
3 39 -0.738581 0.266585
3 40 -0.678209 0.196815
3 41 0.342471 0.203227
3 42 -0.0683616 -0.485864
3 43 0.466355 -1.21258
3 44 0.349599 0.631211
3 45 -0.428707 -0.239247
3 46 -0.616707 -0.705906
3 97 -0.577861 -1.0613
3 98 0.27041 0.0937567
3 99 -0.209134 -0.192997
3 100 0.404608 0.0324651
3 101 0.676845 0.387081
3 102 -0.106924 -0.82026
3 103 0.2943 -0.353457
3 104 0.0665869 -0.247116
3 105 0.378409 -0.494456
3 106 0.57676 0.247012
3 107 0.615599 0.344935
3 108 0.0180923 0.247199
3 109 -0.722976 0.397082
3 110 -0.370614 -0.767494
3 111 0.155535 -0.599174
3 112 0.518925 -0.636543
3 113 0.00656707 -0.461442
3 114 0.286555 -0.520351
3 115 0.112326 -0.416284
3 116 0.75236 -0.308778
3 117 -0.169559 0.432228
3 118 -0.113007 -0.592269
3 119 -0.303051 0.291001
3 120 0.317188 -0.865281
3 121 -0.595486 0.630386
3 122 -0.341546 -0.442364
3 123 0.392855 -1.16138
3 124 -0.398653 0.0218626
3 125 0.695394 -0.71484
3 126 -0.357851 -0.494572
3 127 -0.135918 -0.370992
3 128 0.489228 0.279397
3 129 0.0364067 0.035359
3 130 -0.250577 -0.546364
3 131 0.25494 -0.221776
3 132 0.202848 -0.362587
3 133 -0.0811055 -0.295972
3 134 -0.38107 0.44646
3 135 -0.795221 -1.04598
3 136 -0.713147 -0.075707
3 137 -0.00175192 -0.740016
3 138 -0.169731 -0.640381
3 139 0.0968028 -0.821024
3 140 -0.960901 0.05386
3 141 0.508954 0.27691
3 142 0.0434073 -0.268328
3 143 0.477684 -0.310285
3 144 -0.0822556 0.746122
3 145 0.261502 -1.15991
3 146 -0.470532 -0.265789
3 147 -0.381599 -0.660424
3 148 -0.0630805 -0.804499
3 149 -0.663368 0.526152
3 150 -0.0331319 -0.565598
3 151 0.304817 0.128258
3 152 0.177459 -0.387229
3 153 0.22222 -0.551191
3 154 -0.0741489 -0.0428331
3 155 -0.412238 0.166899
3 156 -0.365653 -0.756438
3 157 -0.0268878 -0.550359
3 158 0.00800667 -0.565724
3 159 -0.169242 0.179595
3 160 -0.0519843 -1.1296
3 161 0.312654 -0.824929
3 162 -0.440899 -0.084235
3 163 0.639583 0.177818
3 164 -0.255 -0.109052
3 165 -0.533882 0.390278
3 166 -0.321314 -0.368512
3 167 0.0618875 -0.176002
3 168 -0.43618 -0.67482
3 169 0.00447412 -0.743672
3 170 0.0795091 -0.763244
3 171 0.410226 -0.852018
3 172 -0.00592615 0.163035
3 173 0.111236 -0.938472
3 174 -0.348316 -0.0722368
3 175 -0.0458886 -0.28958
3 176 0.329999 -0.414923
3 177 -0.182045 0.102545
3 178 -0.186674 -0.782873
3 179 -0.0397026 -0.585735
3 180 -0.498165 -0.0253235
3 181 0.330909 -0.203425
3 182 -0.308943 -0.686623
3 183 0.135081 -0.785851
3 184 0.708611 -0.152619
3 185 -0.539909 -0.411695
3 186 0.627163 0.591779
3 187 0.581489 -0.706449
3 188 -0.572587 -0.255812
3 189 -0.30503 0.196889
3 190 0.0400369 -0.411132
3 191 0.131277 0.0909685
3 192 0.637593 -0.287336
3 193 -0.461871 -0.23983
3 194 -0.388245 -0.119404
3 195 -0.224255 -0.566499
3 196 0.274182 -0.750724
3 197 0.339384 0.429098
3 198 -0.0601889 -0.80402
4 299 -0.418423 0.271156
4 298 0.723433 -0.252862
4 297 -0.739029 -0.323421
4 296 -0.0991228 -0.592033
4 295 -0.0969287 -0.585146
4 294 -0.562061 -0.151137
4 293 0.0270938 0.260648
4 292 0.0333377 -1.28598
4 291 0.568668 -0.700954
4 290 -0.597942 -0.101548
4 289 -0.173319 -0.226027
4 288 -0.61891 -0.409216
4 287 0.116319 -0.349658
4 286 -0.192057 0.129117
4 285 -0.224875 -0.250945
4 284 -0.151056 -0.0348277
4 283 0.0445009 -0.104236
4 282 -0.298431 -0.470033
4 281 -0.582511 0.74099
4 280 0.323414 -0.754525
4 279 -0.770984 0.292441
4 278 -0.213211 -0.485702
4 277 -0.329769 -0.0862093
4 276 0.103086 -0.737807
4 275 -0.208676 -0.488859
4 274 0.526363 0.223474
4 273 0.0921212 -0.631899
4 272 0.736245 0.181831
4 271 -0.000934711 -0.463109
4 270 0.441575 -1.09138
4 269 -0.0488991 -0.460694
4 268 0.0315255 0.193158
4 267 -0.119878 -0.255702
4 266 -1.02459 -0.885209
4 265 0.0209094 0.156437
4 264 0.712833 0.382233
4 263 0.100502 -0.5786
4 262 -0.0320339 -0.514049
4 261 -0.815683 -0.410589
4 260 -0.33149 -0.4723
4 259 -0.911615 -0.778695
4 258 0.697472 -0.714797
4 257 0.275463 0.326648
4 256 0.268967 -0.700992
4 255 -0.645468 -0.727975
4 254 -0.236434 -0.154908
4 253 0.0757 -0.0467976
4 252 0.168755 -0.40382
4 251 -1.15118 -1.11681
4 250 0.146152 -0.526854
4 249 -0.227165 -0.70701
4 248 -0.572624 -0.525407
4 247 0.245795 0.112598
4 246 -0.405001 -0.721803
4 245 0.237824 -0.669902
4 244 0.0317046 0.128834
4 243 -0.276111 -0.307542
4 242 -0.141263 -0.663088
4 241 0.532057 0.21836
4 240 0.556125 0.0704775
4 239 0.764286 0.009551
4 238 -0.492192 -0.722461
4 237 -0.663553 -0.410936
4 236 -0.443331 0.0513758
4 235 -0.418208 -0.464151
4 234 0.436321 0.125701
4 233 0.382587 0.143405
4 232 -0.624793 0.152998
4 231 -0.797908 -0.67656
4 230 -0.266703 0.132798
4 229 -0.26162 -0.0875937
4 228 -0.133353 0.107068
4 227 0.489676 -0.22492
4 226 0.527383 -0.23036
4 225 -0.472035 -0.0982972
4 224 -0.384539 0.0131095
4 223 0.346049 -0.535021
4 222 0.0544626 0.394844
4 221 -0.433792 -0.254349
4 220 0.305735 -0.7347
4 219 0.0422116 -0.670533
4 218 -0.136084 -0.553347
4 217 -0.543558 0.100519
4 216 -0.326 0.372503
4 215 0.208976 -1.12994
4 214 0.296907 0.310095
4 213 -0.443694 0.0669568
4 212 -0.652709 -0.597477
4 211 -0.539086 0.117761
4 210 0.397917 -0.684317
4 209 0.644332 -0.290633
4 208 -0.48056 -0.505893
4 207 -0.0809202 0.323857
4 206 0.382413 0.455139
4 205 0.0986872 -0.477694
4 204 0.541024 -0.823881
4 203 -0.284826 -0.0149293
4 202 0.5232 0.392011
4 201 -0.535727 -0.570524
4 200 0.512866 0.188719
4 199 -0.38234 0.459633
4 96 -0.585175 -0.0404194
4 95 -0.129901 -0.274785
4 94 0.494573 -0.836292
4 93 0.637935 0.320299
4 92 0.61541 -0.850762
4 91 -0.578133 0.0392687
4 90 0.0463054 -0.293042
4 89 -0.156803 0.456389
4 88 -0.218343 0.392266
4 87 0.355797 -0.971611
4 86 -0.554925 -0.664807
4 85 0.0410795 -0.0261095
4 84 0.110186 0.0314996
4 83 0.707388 -0.973155
4 82 0.713824 0.127523
4 81 0.412912 -0.428315
4 80 0.0176062 -0.584786
4 79 -0.449036 0.0654966
4 78 -0.183388 -0.377932
4 77 0.0115957 0.0546201
4 76 -0.587703 -0.352079
4 75 -0.0853876 0.163126
4 74 -0.340306 -0.477828
4 73 0.0969319 -0.802813
4 72 -0.0457197 -0.819418
4 71 -0.473092 -0.341176
4 70 -0.208467 0.491439
4 69 -0.583979 -0.692953
4 68 -0.482954 -0.593753
4 67 0.0954121 -0.0926035
4 66 -0.934504 -0.169597
4 65 -0.37224 0.00154915
4 64 -0.0543672 -0.669465
4 63 -0.0394514 0.037125
4 62 -0.0475831 0.287804
4 61 0.313163 -0.153671
4 60 0.0643182 -0.052039
4 59 0.323361 0.192775
4 58 -0.0862351 -0.472647
4 57 -0.0753133 -0.472205
4 56 -0.0990546 0.608818
4 55 -0.0483759 0.0367186
4 54 -0.342353 -0.211411
4 53 -0.787363 -0.85901
4 52 0.297821 -0.253323
4 51 -0.478963 -0.32461
4 50 0.33556 -0.403747
4 49 0.701529 -1.17371
4 48 0.449574 0.22158
4 47 0.170085 -0.0453464
4 22 -0.210535 -0.0189714
4 21 -0.418333 0.298302
4 20 0.372858 -0.401473
4 19 -0.475298 0.0800003
4 18 0.0567935 -0.0275134
4 17 -0.462651 -0.183339
4 16 -0.3801 -0.431199
4 15 0.156056 0.307109
4 14 -0.352455 0.392721
4 13 0.114946 -0.000434472
4 12 0.0778367 -0.587503
4 11 -0.638782 0.118749
4 4 0.40919 0.268886
4 3 -0.358105 -0.154533
4 2 -0.11702 -0.827379
4 0 -0.562155 -0.290067
4 1 -0.704932 0.559394
4 5 -0.54784 0.0322232
4 6 -0.417337 0.128198
4 7 0.660857 0.233195
4 8 -0.506827 -0.116379
4 9 -0.40239 0.427729
4 10 0.211136 -0.384583
4 23 -0.670263 -0.0671414
4 24 -0.881342 -0.373902
4 25 -0.16067 0.136988
4 26 0.43624 -0.684159
4 27 0.420315 0.248317
4 28 0.415988 0.272387
4 29 -0.420814 -0.473257
4 30 0.0742385 -0.596423
4 31 0.0182808 -0.187398
4 32 0.164923 0.01073
4 33 -0.323463 0.41578
4 34 0.0923955 -0.310743
4 35 -0.715595 -0.682941
4 36 -0.317905 -0.604369
4 37 -0.518183 -0.164939
4 38 0.174573 0.00110648
4 39 -0.742922 0.226031
4 40 -0.677048 0.167215
4 41 0.356004 0.115504
4 42 -0.0881014 -0.531365
4 43 0.425032 -1.33374
4 44 0.38059 0.555826
4 45 -0.448641 -0.281451
4 46 -0.655654 -0.74496
4 97 -0.635633 -1.12723
4 98 0.277608 0.0434735
4 99 -0.220299 -0.239551
4 100 0.408996 -0.0326921
4 101 0.696792 0.316694
4 102 -0.144044 -0.884682
4 103 0.283436 -0.41755
4 104 0.0559958 -0.311742
4 105 0.360005 -0.564223
4 106 0.588224 0.181773
4 107 0.635633 0.268637
4 108 0.0263739 0.200442
4 109 -0.719513 0.362715
4 110 -0.404397 -0.820942
4 111 0.13207 -0.679208
4 112 0.502843 -0.740372
4 113 -0.0123129 -0.511813
4 114 0.267671 -0.578076
4 115 0.0960687 -0.486648
4 116 0.755149 -0.421512
4 117 -0.158466 0.393024
4 118 -0.13994 -0.648048
4 119 -0.296504 0.251427
4 120 0.286458 -0.973097
4 121 -0.580619 0.597136
4 122 -0.36436 -0.513098
4 123 0.352587 -1.27653
4 124 -0.404139 -0.0125645
4 125 0.675464 -0.81717
4 126 -0.386167 -0.555102
4 127 -0.150603 -0.444235
4 128 0.505212 0.222175
4 129 0.0379017 -0.0374378
4 130 -0.274064 -0.582545
4 131 0.249418 -0.295087
4 132 0.191636 -0.42345
4 133 -0.0939935 -0.373281
4 134 -0.366223 0.422882
4 135 -0.85045 -1.10593
4 136 -0.726 -0.113899
4 137 -0.0316838 -0.797265
4 138 -0.200266 -0.688301
4 139 0.0643608 -0.924498
4 140 -0.978119 0.0145562
4 141 0.522351 0.216818
4 142 0.0292069 -0.330454
4 143 0.470916 -0.37647
4 144 -0.0551955 0.679728
4 145 0.219665 -1.2782
4 146 -0.488507 -0.302038
4 147 -0.412756 -0.698653
4 148 -0.0949016 -0.879566
4 149 -0.653893 0.496054
4 150 -0.0568647 -0.659521
4 151 0.311856 0.0629778
4 152 0.163984 -0.441433
4 153 0.199799 -0.612456
4 154 -0.0766549 -0.0812627
4 155 -0.411838 0.135417
4 156 -0.40244 -0.820475
4 157 -0.0524476 -0.619703
4 158 -0.0147272 -0.622154
4 159 -0.164336 0.147564
4 160 -0.1003 -1.22094
4 161 0.284932 -0.907006
4 162 -0.449497 -0.107599
4 163 0.656674 0.10344
4 164 -0.26062 -0.150694
4 165 -0.525312 0.362302
4 166 -0.345085 -0.432192
4 167 0.0524456 -0.258016
4 168 -0.472169 -0.75399
4 169 -0.0246657 -0.814497
4 170 0.0510234 -0.828648
4 171 0.379258 -0.936308
4 172 -0.00305795 0.0928941
4 173 0.0733318 -1.02517
4 174 -0.356958 -0.108156
4 175 -0.0592175 -0.353907
4 176 0.315701 -0.47863
4 177 -0.179825 0.0690785
4 178 -0.221303 -0.837857
4 179 -0.0621779 -0.64436
4 180 -0.506777 -0.0475874
4 181 0.325059 -0.266718
4 182 -0.342881 -0.748369
4 183 0.104814 -0.877891
4 184 0.711995 -0.24815
4 185 -0.561086 -0.436058
4 186 0.660842 0.506785
4 187 0.559204 -0.790429
4 188 -0.588866 -0.280876
4 189 -0.300389 0.163475
4 190 0.0239872 -0.460753
4 191 0.134623 0.00582547
4 192 0.63895 -0.40083
4 193 -0.482221 -0.303879
4 194 -0.39533 -0.148654
4 195 -0.249686 -0.629642
4 196 0.248134 -0.817745
4 197 0.362364 0.349409
4 198 -0.0936169 -0.86391
5 299 -0.415255 0.218393
5 298 0.71986 -0.350867
5 297 -0.766365 -0.372416
5 296 -0.122303 -0.646421
5 295 -0.124253 -0.64495
5 294 -0.575897 -0.181419
5 293 0.0349651 0.205046
5 292 -0.0169246 -1.38923
5 291 0.547586 -0.788568
5 290 -0.610222 -0.128969
5 289 -0.186211 -0.286508
5 288 -0.643126 -0.433531
5 287 0.102932 -0.40569
5 286 -0.190327 0.0923742
5 285 -0.238315 -0.299573
5 284 -0.153569 -0.0708244
5 283 0.036598 -0.182285
5 282 -0.323723 -0.530242
5 281 -0.564493 0.692564
5 280 0.2954 -0.814507
5 279 -0.772143 0.253013
5 278 -0.234508 -0.526928
5 277 -0.335068 -0.124657
5 276 0.0747616 -0.823224
5 275 -0.229947 -0.529973
5 274 0.538099 0.15676
5 273 0.0665976 -0.695243
5 272 0.755173 0.0766205
5 271 -0.0179675 -0.515893
5 270 0.406671 -1.21061
5 269 -0.071068 -0.506528
5 268 0.0391618 0.141562
5 267 -0.13374 -0.335707
5 266 -1.07636 -0.932004
5 265 0.0254859 0.113447
5 264 0.736012 0.300518
5 263 0.0758294 -0.655023
5 262 -0.0550423 -0.579077
5 261 -0.847671 -0.464919
5 260 -0.3546 -0.501207
5 259 -0.957977 -0.82367
5 258 0.679772 -0.822165
5 257 0.289592 0.269828
5 256 0.244545 -0.768575
5 255 -0.683967 -0.772296
5 254 -0.248635 -0.21028
5 253 0.0740943 -0.0946701
5 252 0.151707 -0.481955
5 251 -1.21551 -1.17664
5 250 0.126393 -0.589325
5 249 -0.258801 -0.748628
5 248 -0.601239 -0.567601
5 247 0.249695 0.0528978
5 246 -0.440728 -0.782969
5 245 0.212551 -0.734903
5 244 0.0361722 0.0874076
5 243 -0.291409 -0.349372
5 242 -0.169184 -0.728053
5 241 0.544691 0.158462
5 240 0.564283 -0.00739385
5 239 0.77364 -0.0803278
5 238 -0.527864 -0.77581
5 237 -0.694287 -0.463557
5 236 -0.447721 0.0216098
5 235 -0.442331 -0.506515
5 234 0.445565 0.0639924
5 233 0.39103 0.0841022
5 232 -0.63105 0.119118
5 231 -0.838706 -0.718198
5 230 -0.262308 0.0977549
5 229 -0.268943 -0.122786
5 228 -0.130584 0.0643039
5 227 0.484792 -0.284384
5 226 0.526146 -0.331906
5 225 -0.477589 -0.126234
5 224 -0.388975 -0.0121666
5 223 0.331091 -0.602676
5 222 0.0669487 0.335263
5 221 -0.447307 -0.283376
5 220 0.278411 -0.808712
5 219 0.0130709 -0.747196
5 218 -0.160794 -0.619752
5 217 -0.546097 0.0708957
5 216 -0.313543 0.347134
5 215 0.167234 -1.2384
5 214 0.310622 0.258832
5 213 -0.446893 0.0323669
5 212 -0.684455 -0.632405
5 211 -0.54688 0.0559498
5 210 0.373192 -0.760824
5 209 0.641455 -0.381411
5 208 -0.505271 -0.534353
5 207 -0.0693076 0.279169
5 206 0.404076 0.383568
5 205 0.081564 -0.540036
5 204 0.514732 -0.923002
5 203 -0.288902 -0.0486169
5 202 0.545638 0.309073
5 201 -0.566898 -0.610556
5 200 0.525984 0.108132
5 199 -0.367983 0.421369
5 96 -0.59456 -0.0726009
5 95 -0.141251 -0.326189
5 94 0.465571 -0.923234
5 93 0.662011 0.217921
5 92 0.589316 -0.959744
5 91 -0.582786 0.0132999
5 90 0.0337712 -0.369183
5 89 -0.139818 0.410272
5 88 -0.206762 0.351713
5 87 0.319329 -1.07295
5 86 -0.591919 -0.718523
5 85 0.0381948 -0.0729417
5 84 0.111157 -0.0270252
5 83 0.677823 -1.08348
5 82 0.725712 0.0425889
5 81 0.401445 -0.519998
5 80 -0.00666169 -0.631261
5 79 -0.451475 0.0436075
5 78 -0.202377 -0.427416
5 77 0.0140257 0.00694302
5 76 -0.610324 -0.392521
5 75 -0.0810323 0.0854477
5 74 -0.361598 -0.51511
5 73 0.0652119 -0.881998
5 72 -0.0798621 -0.886255
5 71 -0.491736 -0.367709
5 70 -0.194197 0.443422
5 69 -0.618448 -0.72824
5 68 -0.512393 -0.624519
5 67 0.0904089 -0.136373
5 66 -0.959529 -0.216065
5 65 -0.377142 -0.0254135
5 64 -0.0851895 -0.715958
5 63 -0.0399634 -0.0066233
5 62 -0.0369719 0.224344
5 61 0.309346 -0.213525
5 60 0.0625752 -0.100531
5 59 0.333306 0.141683
5 58 -0.105774 -0.555062
5 57 -0.0992502 -0.521438
5 56 -0.0780318 0.543965
5 55 -0.0472775 -0.00841934
5 54 -0.356966 -0.266522
5 53 -0.836036 -0.896894
5 52 0.293124 -0.316425
5 51 -0.503874 -0.375894
5 50 0.325118 -0.504962
5 49 0.663049 -1.28896
5 48 0.460821 0.162406
5 47 0.168992 -0.12351
5 22 -0.214636 -0.0578613
5 21 -0.41348 0.252279
5 20 0.361271 -0.470721
5 19 -0.476083 0.0557644
5 18 0.0541 -0.0794019
5 17 -0.475179 -0.22113
5 16 -0.404032 -0.463798
5 15 0.170392 0.256269
5 14 -0.341614 0.365901
5 13 0.114272 -0.0600402
5 12 0.0557798 -0.6416
5 11 -0.649148 0.0592628
5 4 0.421331 0.197015
5 3 -0.368799 -0.186644
5 2 -0.15017 -0.883407
5 0 -0.583557 -0.348111
5 1 -0.694554 0.524985
5 5 -0.557989 -0.0248644
5 6 -0.416546 0.092662
5 7 0.675005 0.159238
5 8 -0.51755 -0.155388
5 9 -0.389218 0.403053
5 10 0.197299 -0.437541
5 23 -0.680922 -0.114209
5 24 -0.914966 -0.420073
5 25 -0.160183 0.0851531
5 26 0.41358 -0.755845
5 27 0.434431 0.167118
5 28 0.430182 0.204146
5 29 -0.447724 -0.518525
5 30 0.0506301 -0.694558
5 31 0.00902454 -0.258806
5 32 0.166437 -0.0417761
5 33 -0.311627 0.387633
5 34 0.0812716 -0.366958
5 35 -0.750783 -0.718197
5 36 -0.353581 -0.67496
5 37 -0.531561 -0.190464
5 38 0.176789 -0.067802
5 39 -0.747037 0.185883
5 40 -0.683784 0.13308
5 41 0.364157 0.025674
5 42 -0.110342 -0.575942
5 43 0.378063 -1.45833
5 44 0.407892 0.474564
5 45 -0.4624 -0.326111
5 46 -0.692632 -0.78345
5 97 -0.691283 -1.19513
5 98 0.278817 -0.00749403
5 99 -0.232341 -0.288084
5 100 0.412416 -0.101245
5 101 0.71679 0.244183
5 102 -0.181177 -0.952391
5 103 0.267607 -0.483435
5 104 0.042655 -0.380335
5 105 0.339597 -0.630453
5 106 0.602391 0.113742
5 107 0.653018 0.190754
5 108 0.0345184 0.153385
5 109 -0.718017 0.32373
5 110 -0.441758 -0.870953
5 111 0.10601 -0.760493
5 112 0.480502 -0.847189
5 113 -0.0331 -0.558954
5 114 0.244644 -0.634401
5 115 0.0742455 -0.557594
5 116 0.74936 -0.538623
5 117 -0.144497 0.352072
5 118 -0.169235 -0.706055
5 119 -0.291705 0.210356
5 120 0.250611 -1.08495
5 121 -0.566322 0.561907
5 122 -0.392824 -0.582173
5 123 0.304082 -1.39614
5 124 -0.411323 -0.0531192
5 125 0.650778 -0.921663
5 126 -0.41638 -0.617108
5 127 -0.174146 -0.513936
5 128 0.51733 0.160214
5 129 0.0362558 -0.111945
5 130 -0.297509 -0.618672
5 131 0.239157 -0.370895
5 132 0.175479 -0.485517
5 133 -0.113943 -0.44786
5 134 -0.355223 0.39925
5 135 -0.909227 -1.16383
5 136 -0.743649 -0.151289
5 137 -0.0642527 -0.851299
5 138 -0.229194 -0.727558
5 139 0.0263978 -1.03169
5 140 -0.996083 -0.0315656
5 141 0.534672 0.153888
5 142 0.0148983 -0.394666
5 143 0.459872 -0.445073
5 144 -0.0299071 0.608201
5 145 0.168239 -1.39737
5 146 -0.504979 -0.337483
5 147 -0.44602 -0.738395
5 148 -0.133908 -0.952914
5 149 -0.646324 0.462973
5 150 -0.0865266 -0.753338
5 151 0.318376 -0.00603263
5 152 0.146068 -0.490444
5 153 0.179794 -0.673384
5 154 -0.0836681 -0.1217
5 155 -0.413042 0.101501
5 156 -0.443204 -0.880955
5 157 -0.0790969 -0.690073
5 158 -0.0397313 -0.679987
5 159 -0.161802 0.112769
5 160 -0.149856 -1.31247
5 161 0.250102 -0.991444
5 162 -0.457099 -0.13379
5 163 0.66394 0.0258433
5 164 -0.272388 -0.194897
5 165 -0.516118 0.338512
5 166 -0.367426 -0.497167
5 167 0.0398857 -0.343224
5 168 -0.512171 -0.829067
5 169 -0.0593242 -0.886259
5 170 0.0161782 -0.892906
5 171 0.344651 -1.02053
5 172 -0.000332582 0.0203795
5 173 0.0298564 -1.11656
5 174 -0.363564 -0.143217
5 175 -0.0763951 -0.420645
5 176 0.300109 -0.542927
5 177 -0.181768 0.0344311
5 178 -0.25676 -0.892218
5 179 -0.0896647 -0.702782
5 180 -0.513315 -0.0696227
5 181 0.317138 -0.326985
5 182 -0.378457 -0.809539
5 183 0.0690084 -0.973489
5 184 0.709691 -0.347189
5 185 -0.58266 -0.459187
5 186 0.6894 0.416402
5 187 0.534708 -0.874626
5 188 -0.60757 -0.303198
5 189 -0.298934 0.127557
5 190 0.00513335 -0.50643
5 191 0.137485 -0.0804302
5 192 0.630907 -0.518899
5 193 -0.505653 -0.370852
5 194 -0.406394 -0.180944
5 195 -0.281098 -0.694051
5 196 0.218407 -0.886787
5 197 0.379183 0.266018
5 198 -0.129787 -0.922647
6 299 -0.414013 0.166316
6 298 0.715561 -0.448049
6 297 -0.795371 -0.424668
6 296 -0.152163 -0.701909
6 295 -0.152105 -0.703325
6 294 -0.590569 -0.211299
6 293 0.0414604 0.150732
6 292 -0.0728872 -1.49444
6 291 0.520347 -0.876515
6 290 -0.620864 -0.153084
6 289 -0.200159 -0.349808
6 288 -0.667836 -0.458702
6 287 0.0862766 -0.461766
6 286 -0.186917 0.0522259
6 285 -0.255426 -0.347889
6 284 -0.158968 -0.110487
6 283 0.031675 -0.263044
6 282 -0.34937 -0.58944
6 281 -0.550349 0.642221
6 280 0.265492 -0.877129
6 279 -0.778362 0.211711
6 278 -0.260303 -0.56787
6 277 -0.344761 -0.16259
6 276 0.039896 -0.917221
6 275 -0.25285 -0.571639
6 274 0.549428 0.0915315
6 273 0.0395645 -0.758075
6 272 0.768627 -0.0310686
6 271 -0.0400161 -0.57007
6 270 0.361936 -1.32698
6 269 -0.0901939 -0.553734
6 268 0.0451242 0.0861437
6 267 -0.151742 -0.420354
6 266 -1.13335 -0.977879
6 265 0.0298169 0.0681322
6 264 0.753475 0.212722
6 263 0.0504888 -0.737434
6 262 -0.0820181 -0.645721
6 261 -0.881412 -0.520414
6 260 -0.380031 -0.536667
6 259 -1.00741 -0.864128
6 258 0.654656 -0.929623
6 257 0.304992 0.210424
6 256 0.213447 -0.832828
6 255 -0.72638 -0.817304
6 254 -0.259454 -0.265769
6 253 0.0702897 -0.142345
6 252 0.132704 -0.564451
6 251 -1.28694 -1.23042
6 250 0.104529 -0.650403
6 249 -0.291644 -0.793558
6 248 -0.632684 -0.606324
6 247 0.256327 -0.00562663
6 246 -0.479362 -0.847248
6 245 0.183968 -0.804109
6 244 0.0379804 0.0411719
6 243 -0.307703 -0.386998
6 242 -0.201196 -0.796078
6 241 0.557182 0.0964819
6 240 0.572737 -0.0907723
6 239 0.780309 -0.174643
6 238 -0.567099 -0.830136
6 237 -0.727122 -0.518499
6 236 -0.453565 -0.0119031
6 235 -0.469141 -0.550456
6 234 0.45157 0.00113858
6 233 0.396529 0.0251319
6 232 -0.634258 0.0815107
6 231 -0.878934 -0.759621
6 230 -0.263119 0.0618445
6 229 -0.276707 -0.157167
6 228 -0.131716 0.020757
6 227 0.476802 -0.349035
6 226 0.51956 -0.434398
6 225 -0.490764 -0.15214
6 224 -0.394226 -0.0377715
6 223 0.306747 -0.669045
6 222 0.0806334 0.277124
6 221 -0.462055 -0.312821
6 220 0.250542 -0.881142
6 219 -0.0179414 -0.820942
6 218 -0.19045 -0.686426
6 217 -0.551984 0.0368679
6 216 -0.304623 0.320101
6 215 0.118961 -1.34693
6 214 0.321702 0.203081
6 213 -0.454608 -0.00450903
6 212 -0.718449 -0.668145
6 211 -0.556498 -0.00613302
6 210 0.343604 -0.839556
6 209 0.631476 -0.477798
6 208 -0.532809 -0.565516
6 207 -0.0584917 0.234631
6 206 0.423843 0.306696
6 205 0.0590615 -0.599827
6 204 0.48567 -1.02305
6 203 -0.29544 -0.0820048
6 202 0.563662 0.2248
6 201 -0.597424 -0.64961
6 200 0.535961 0.0275458
6 199 -0.357251 0.384086
6 96 -0.606511 -0.107991
6 95 -0.158671 -0.373695
6 94 0.435451 -1.01214
6 93 0.681902 0.113874
6 92 0.558505 -1.06807
6 91 -0.590149 -0.0153677
6 90 0.0178935 -0.444897
6 89 -0.126972 0.365181
6 88 -0.198634 0.308905
6 87 0.280442 -1.17243
6 86 -0.630284 -0.77299
6 85 0.0363577 -0.124888
6 84 0.110596 -0.0840018
6 83 0.644194 -1.19801
6 82 0.733641 -0.042386
6 81 0.386371 -0.616053
6 80 -0.0326223 -0.680748
6 79 -0.45287 0.0186483
6 78 -0.224845 -0.478527
6 77 0.012596 -0.0413775
6 76 -0.636429 -0.437105
6 75 -0.0831534 0.0036104
6 74 -0.388549 -0.552923
6 73 0.0330348 -0.959899
6 72 -0.117058 -0.946941
6 71 -0.509981 -0.39429
6 70 -0.17909 0.396875
6 69 -0.654292 -0.759518
6 68 -0.541122 -0.653905
6 67 0.0860903 -0.18645
6 66 -0.986316 -0.26526
6 65 -0.382147 -0.0511354
6 64 -0.112572 -0.762417
6 63 -0.0415771 -0.0497178
6 62 -0.0311655 0.157842
6 61 0.303261 -0.273951
6 60 0.0591301 -0.151251
6 59 0.340392 0.0888383
6 58 -0.131804 -0.63617
6 57 -0.121514 -0.570345
6 56 -0.0599504 0.476536
6 55 -0.0497566 -0.0527885
6 54 -0.374682 -0.322123
6 53 -0.882302 -0.935809
6 52 0.281554 -0.379851
6 51 -0.525549 -0.429031
6 50 0.308854 -0.609224
6 49 0.620031 -1.40642
6 48 0.471044 0.102543
6 47 0.165821 -0.205993
6 22 -0.217846 -0.0977537
6 21 -0.411056 0.202877
6 20 0.34363 -0.541743
6 19 -0.479155 0.0294696
6 18 0.0517067 -0.131497
6 17 -0.490148 -0.252582
6 16 -0.424971 -0.494092
6 15 0.179787 0.206005
6 14 -0.331127 0.336454
6 13 0.113379 -0.122784
6 12 0.0308193 -0.693421
6 11 -0.660392 -0.00200808
6 4 0.43568 0.122219
6 3 -0.380943 -0.220133
6 2 -0.190483 -0.942804
6 0 -0.608957 -0.40949
6 1 -0.688065 0.486533
6 5 -0.568745 -0.0832798
6 6 -0.419472 0.0589069
6 7 0.690585 0.0834108
6 8 -0.532414 -0.192489
6 9 -0.37712 0.377211
6 10 0.180431 -0.490547
6 23 -0.699688 -0.155942
6 24 -0.948625 -0.466618
6 25 -0.160138 0.0336124
6 26 0.387736 -0.832564
6 27 0.448578 0.0831592
6 28 0.443101 0.134086
6 29 -0.473686 -0.560074
6 30 0.022229 -0.797974
6 31 -0.00167456 -0.331897
6 32 0.165077 -0.0968838
6 33 -0.301131 0.360023
6 34 0.0650905 -0.419939
6 35 -0.792043 -0.751217
6 36 -0.383062 -0.748138
6 37 -0.547298 -0.218266
6 38 0.174656 -0.139843
6 39 -0.753463 0.144375
6 40 -0.690378 0.099194
6 41 0.371515 -0.0653424
6 42 -0.134254 -0.621484
6 43 0.324978 -1.58232
6 44 0.430012 0.391126
6 45 -0.484632 -0.36916
6 46 -0.731464 -0.81872
6 97 -0.751544 -1.2613
6 98 0.280794 -0.0626326
6 99 -0.249011 -0.334752
6 100 0.412308 -0.168068
6 101 0.732954 0.166424
6 102 -0.222323 -1.02077
6 103 0.249637 -0.549765
6 104 0.0294821 -0.44864
6 105 0.317354 -0.698733
6 106 0.611872 0.0432769
6 107 0.666801 0.112364
6 108 0.039089 0.106185
6 109 -0.716106 0.285354
6 110 -0.485186 -0.922206
6 111 0.0761396 -0.843067
6 112 0.453382 -0.955326
6 113 -0.0552232 -0.607424
6 114 0.2224 -0.691047
6 115 0.0534599 -0.62848
6 116 0.739874 -0.660989
6 117 -0.132828 0.311065
6 118 -0.197232 -0.760336
6 119 -0.286959 0.167511
6 120 0.21035 -1.19701
6 121 -0.55293 0.524131
6 122 -0.425586 -0.652019
6 123 0.252463 -1.51625
6 124 -0.417945 -0.0899804
6 125 0.621791 -1.02591
6 126 -0.446774 -0.683343
6 127 -0.195502 -0.586747
6 128 0.52624 0.100708
6 129 0.0296519 -0.190216
6 130 -0.327447 -0.653468
6 131 0.227038 -0.448452
6 132 0.15642 -0.548016
6 133 -0.134116 -0.531347
6 134 -0.343934 0.375463
6 135 -0.971603 -1.22278
6 136 -0.761843 -0.191369
6 137 -0.101071 -0.906113
6 138 -0.259598 -0.774151
6 139 -0.0161057 -1.14122
6 140 -1.01746 -0.0756142
6 141 0.543907 0.0919329
6 142 -0.00164388 -0.459503
6 143 0.445359 -0.512909
6 144 -0.00860946 0.533445
6 145 0.114025 -1.52039
6 146 -0.525502 -0.372823
6 147 -0.481471 -0.776268
6 148 -0.175515 -1.02916
6 149 -0.639027 0.427319
6 150 -0.119292 -0.849496
6 151 0.318712 -0.0789389
6 152 0.12707 -0.543638
6 153 0.150837 -0.736943
6 154 -0.0885232 -0.162763
6 155 -0.413204 0.0673669
6 156 -0.483943 -0.944817
6 157 -0.109461 -0.763083
6 158 -0.0688539 -0.735863
6 159 -0.161004 0.0782547
6 160 -0.208562 -1.40481
6 161 0.212966 -1.07875
6 162 -0.467354 -0.158634
6 163 0.671195 -0.0533954
6 164 -0.285467 -0.237888
6 165 -0.510683 0.31433
6 166 -0.396016 -0.565585
6 167 0.0286665 -0.430936
6 168 -0.557204 -0.907853
6 169 -0.0979321 -0.957536
6 170 -0.0209079 -0.955988
6 171 0.30844 -1.10456
6 172 0.000629386 -0.0539247
6 173 -0.0140999 -1.20539
6 174 -0.374373 -0.181899
6 175 -0.0930417 -0.485053
6 176 0.280459 -0.611371
6 177 -0.180696 -0.00424527
6 178 -0.297026 -0.945177
6 179 -0.118809 -0.764438
6 180 -0.519795 -0.093069
6 181 0.303894 -0.387862
6 182 -0.416551 -0.871559
6 183 0.0300414 -1.06986
6 184 0.706301 -0.445998
6 185 -0.606191 -0.479979
6 186 0.716597 0.322695
6 187 0.504467 -0.961015
6 188 -0.625664 -0.328716
6 189 -0.297492 0.0923487
6 190 -0.015188 -0.553806
6 191 0.133383 -0.172558
6 192 0.62137 -0.63897
6 193 -0.531595 -0.433933
6 194 -0.41726 -0.208815
6 195 -0.313388 -0.756872
6 196 0.183465 -0.955795
6 197 0.393779 0.179789
6 198 -0.168421 -0.98012
7 299 -0.416018 0.111532
7 298 0.707511 -0.550551
7 297 -0.82463 -0.479389
7 296 -0.184096 -0.756532
7 295 -0.182561 -0.7611
7 294 -0.606636 -0.238419
7 293 0.0487252 0.0934403
7 292 -0.139737 -1.60117
7 291 0.491611 -0.960207
7 290 -0.634564 -0.18162
7 289 -0.217983 -0.41381
7 288 -0.692566 -0.48225
7 287 0.0693527 -0.514638
7 286 -0.188952 0.0141358
7 285 -0.272297 -0.396234
7 284 -0.165467 -0.145087
7 283 0.0182913 -0.345535
7 282 -0.380891 -0.652643
7 281 -0.535364 0.590778
7 280 0.232609 -0.938875
7 279 -0.78332 0.166953
7 278 -0.284596 -0.608941
7 277 -0.356324 -0.202532
7 276 0.00310259 -1.00552
7 275 -0.281361 -0.613757
7 274 0.555421 0.0233655
7 273 0.00702663 -0.824877
7 272 0.780744 -0.142171
7 271 -0.0624295 -0.621957
7 270 0.312961 -1.4484
7 269 -0.115486 -0.59719
7 268 0.0479769 0.0292258
7 267 -0.174034 -0.504237
7 266 -1.19348 -1.0255
7 265 0.0323822 0.0201572
7 264 0.773542 0.127175
7 263 0.0220468 -0.820255
7 262 -0.109267 -0.710236
7 261 -0.917702 -0.575401
7 260 -0.404265 -0.568236
7 259 -1.05724 -0.907027
7 258 0.626929 -1.03763
7 257 0.311988 0.150106
7 256 0.183868 -0.901621
7 255 -0.769647 -0.861759
7 254 -0.276259 -0.322815
7 253 0.0653703 -0.192424
7 252 0.110531 -0.642813
7 251 -1.36076 -1.28861
7 250 0.0766639 -0.711707
7 249 -0.326752 -0.834389
7 248 -0.663931 -0.645327
7 247 0.257446 -0.066177
7 246 -0.521514 -0.908112
7 245 0.153448 -0.869683
7 244 0.0384102 -0.00515722
7 243 -0.329667 -0.426773
7 242 -0.236315 -0.858743
7 241 0.565183 0.0340581
7 240 0.572822 -0.176859
7 239 0.781789 -0.268752
7 238 -0.610229 -0.88326
7 237 -0.758943 -0.569871
7 236 -0.45894 -0.0432136
7 235 -0.496952 -0.595455
7 234 0.454959 -0.0633361
7 233 0.400667 -0.0357506
7 232 -0.642787 0.0440803
7 231 -0.922791 -0.799476
7 230 -0.265208 0.0213279
7 229 -0.285528 -0.191573
7 228 -0.131771 -0.0252916
7 227 0.466393 -0.412052
7 226 0.508814 -0.541757
7 225 -0.500083 -0.178113
7 224 -0.398302 -0.0670566
7 223 0.281305 -0.734951
7 222 0.0917955 0.216118
7 221 -0.484082 -0.346357
7 220 0.21329 -0.953993
7 219 -0.0512134 -0.896535
7 218 -0.220043 -0.755856
7 217 -0.557967 0.00451591
7 216 -0.294322 0.291133
7 215 0.0648424 -1.45928
7 214 0.331008 0.149541
7 213 -0.458259 -0.0402905
7 212 -0.755599 -0.704966
7 211 -0.567352 -0.0743432
7 210 0.313794 -0.91571
7 209 0.62042 -0.571249
7 208 -0.560238 -0.594095
7 207 -0.0527713 0.183436
7 206 0.440396 0.229359
7 205 0.0358996 -0.661222
7 204 0.448528 -1.12218
7 203 -0.30033 -0.117316
7 202 0.579389 0.137099
7 201 -0.6329 -0.684877
7 200 0.542177 -0.0570491
7 199 -0.346996 0.344484
7 96 -0.617835 -0.145872
7 95 -0.17449 -0.423436
7 94 0.398127 -1.10054
7 93 0.696548 0.00298809
7 92 0.522949 -1.17961
7 91 -0.598325 -0.0451487
7 90 -0.00199837 -0.525362
7 89 -0.114825 0.313377
7 88 -0.190412 0.262417
7 87 0.237709 -1.27283
7 86 -0.671098 -0.826244
7 85 0.0302117 -0.174181
7 84 0.107821 -0.142296
7 83 0.603504 -1.30979
7 82 0.741938 -0.130748
7 81 0.366381 -0.71131
7 80 -0.0600796 -0.727197
7 79 -0.460255 -0.00619326
7 78 -0.246564 -0.52666
7 77 0.0104092 -0.0908848
7 76 -0.663431 -0.476523
7 75 -0.084748 -0.0811985
7 74 -0.415342 -0.590097
7 73 -0.00728793 -1.03645
7 72 -0.156653 -1.00899
7 71 -0.533142 -0.423029
7 70 -0.16749 0.345988
7 69 -0.693874 -0.788934
7 68 -0.571365 -0.683758
7 67 0.0777902 -0.234141
7 66 -1.0173 -0.311848
7 65 -0.389176 -0.077293
7 64 -0.14738 -0.808353
7 63 -0.0443774 -0.0933889
7 62 -0.0261048 0.0886714
7 61 0.292548 -0.334514
7 60 0.052834 -0.204192
7 59 0.345925 0.0324093
7 58 -0.161366 -0.719957
7 57 -0.147009 -0.620418
7 56 -0.0428498 0.407413
7 55 -0.0532329 -0.0993279
7 54 -0.395495 -0.380404
7 53 -0.93328 -0.973859
7 52 0.266788 -0.440795
7 51 -0.550074 -0.483837
7 50 0.285179 -0.713506
7 49 0.575123 -1.52752
7 48 0.478951 0.0387765
7 47 0.160812 -0.288585
7 22 -0.224349 -0.137601
7 21 -0.410717 0.155357
7 20 0.325622 -0.611708
7 19 -0.483832 0.0044324
7 18 0.0463848 -0.18697
7 17 -0.504477 -0.290168
7 16 -0.448524 -0.525041
7 15 0.187734 0.156342
7 14 -0.319445 0.307318
7 13 0.109038 -0.183651
7 12 0.00196507 -0.743374
7 11 -0.674355 -0.0644307
7 4 0.445723 0.0435453
7 3 -0.392991 -0.254952
7 2 -0.230335 -1.00099
7 0 -0.638072 -0.469393
7 1 -0.679449 0.445206
7 5 -0.584032 -0.143725
7 6 -0.421688 0.0232605
7 7 0.697835 0.00270375
7 8 -0.548437 -0.232871
7 9 -0.367122 0.349529
7 10 0.163796 -0.543631
7 23 -0.717805 -0.206603
7 24 -0.981521 -0.514772
7 25 -0.161371 -0.0204239
7 26 0.356874 -0.907244
7 27 0.454283 -0.00224342
7 28 0.449719 0.0635536
7 29 -0.501879 -0.602047
7 30 -0.0111071 -0.904403
7 31 -0.016824 -0.406803
7 32 0.16185 -0.149862
7 33 -0.291816 0.326484
7 34 0.0481684 -0.476612
7 35 -0.830215 -0.784575
7 36 -0.422422 -0.822044
7 37 -0.559637 -0.245322
7 38 0.170962 -0.213461
7 39 -0.760282 0.0995133
7 40 -0.696977 0.0626923
7 41 0.37267 -0.16379
7 42 -0.164355 -0.667268
7 43 0.266773 -1.71081
7 44 0.44956 0.304878
7 45 -0.503998 -0.413656
7 46 -0.775262 -0.854112
7 97 -0.814587 -1.32816
7 98 0.280716 -0.116686
7 99 -0.264483 -0.38497
7 100 0.407837 -0.238137
7 101 0.746704 0.0904366
7 102 -0.270945 -1.08353
7 103 0.231256 -0.615632
7 104 0.0072281 -0.518547
7 105 0.292467 -0.769091
7 106 0.618497 -0.029017
7 107 0.678253 0.0283255
7 108 0.0442082 0.0566015
7 109 -0.720453 0.244164
7 110 -0.528133 -0.973016
7 111 0.0423788 -0.925554
7 112 0.421741 -1.06524
7 113 -0.0822824 -0.654852
7 114 0.194978 -0.750432
7 115 0.0258951 -0.70205
7 116 0.723405 -0.783989
7 117 -0.12224 0.267533
7 118 -0.231422 -0.816586
7 119 -0.285554 0.125712
7 120 0.163326 -1.31322
7 121 -0.542598 0.48561
7 122 -0.459729 -0.725333
7 123 0.194573 -1.63538
7 124 -0.426565 -0.128112
7 125 0.590249 -1.13034
7 126 -0.482285 -0.744382
7 127 -0.223017 -0.662229
7 128 0.534589 0.0367255
7 129 0.0218095 -0.267467
7 130 -0.356464 -0.688267
7 131 0.209118 -0.528993
7 132 0.13649 -0.613774
7 133 -0.159288 -0.612017
7 134 -0.332404 0.345963
7 135 -1.037 -1.28268
7 136 -0.780291 -0.230252
7 137 -0.138284 -0.962401
7 138 -0.294776 -0.817208
7 139 -0.0620622 -1.25432
7 140 -1.03859 -0.120032
7 141 0.551224 0.027711
7 142 -0.0201022 -0.526908
7 143 0.428592 -0.582735
7 144 0.01276 0.453208
7 145 0.052871 -1.64565
7 146 -0.548892 -0.409193
7 147 -0.517115 -0.811676
7 148 -0.218839 -1.10674
7 149 -0.631083 0.391098
7 150 -0.159819 -0.947217
7 151 0.320578 -0.151149
7 152 0.107601 -0.595874
7 153 0.121686 -0.798309
7 154 -0.097861 -0.204533
7 155 -0.414117 0.0304952
7 156 -0.531509 -1.00783
7 157 -0.142357 -0.835207
7 158 -0.098187 -0.793097
7 159 -0.161617 0.041445
7 160 -0.26841 -1.4989
7 161 0.171184 -1.16248
7 162 -0.479963 -0.185329
7 163 0.676478 -0.132296
7 164 -0.297994 -0.281949
7 165 -0.501722 0.284933
7 166 -0.425417 -0.635481
7 167 0.00997421 -0.51689
7 168 -0.604014 -0.987273
7 169 -0.136645 -1.0286
7 170 -0.0579551 -1.01973
7 171 0.26656 -1.18643
7 172 -0.00463022 -0.132829
7 173 -0.0632155 -1.29501
7 174 -0.387498 -0.21786
7 175 -0.114274 -0.554752
7 176 0.256941 -0.676593
7 177 -0.184055 -0.0372553
7 178 -0.339497 -0.998055
7 179 -0.152807 -0.825292
7 180 -0.528546 -0.113698
7 181 0.292239 -0.449773
7 182 -0.45876 -0.936237
7 183 -0.0113483 -1.16708
7 184 0.697745 -0.550868
7 185 -0.631152 -0.503565
7 186 0.73797 0.223689
7 187 0.471032 -1.04788
7 188 -0.644706 -0.353341
7 189 -0.297458 0.0535249
7 190 -0.0391298 -0.599658
7 191 0.127074 -0.268473
7 192 0.606133 -0.76313
7 193 -0.556555 -0.501756
7 194 -0.430548 -0.239932
7 195 -0.346353 -0.822392
7 196 0.147531 -1.02506
7 197 0.406476 0.0884355
7 198 -0.208393 -1.04124
8 299 -0.420025 0.0538035
8 298 0.69141 -0.654008
8 297 -0.861524 -0.530582
8 296 -0.215809 -0.812325
8 295 -0.215747 -0.819788
8 294 -0.624321 -0.270746
8 293 0.0514136 0.033227
8 292 -0.204088 -1.70935
8 291 0.458563 -1.04867
8 290 -0.6492 -0.20505
8 289 -0.23774 -0.479105
8 288 -0.7179 -0.504078
8 287 0.0469558 -0.571206
8 286 -0.190857 -0.0285595
8 285 -0.292017 -0.448436
8 284 -0.174254 -0.184345
8 283 0.00590665 -0.431442
8 282 -0.411701 -0.71259
8 281 -0.522224 0.533285
8 280 0.196942 -0.997793
8 279 -0.790312 0.121187
8 278 -0.313106 -0.649934
8 277 -0.368351 -0.239583
8 276 -0.0369456 -1.09763
8 275 -0.306804 -0.656285
8 274 0.562258 -0.0494196
8 273 -0.0262988 -0.887951
8 272 0.785652 -0.257836
8 271 -0.0885572 -0.674666
8 270 0.261624 -1.5695
8 269 -0.140836 -0.642868
8 268 0.0469503 -0.025137
8 267 -0.196023 -0.591651
8 266 -1.25401 -1.0709
8 265 0.0324364 -0.027762
8 264 0.784285 0.0331576
8 263 -0.0139652 -0.900184
8 262 -0.138889 -0.777403
8 261 -0.958179 -0.630602
8 260 -0.43105 -0.599417
8 259 -1.10848 -0.947579
8 258 0.591996 -1.14783
8 257 0.319758 0.0876768
8 256 0.147584 -0.967284
8 255 -0.813752 -0.907458
8 254 -0.29564 -0.380906
8 253 0.0566876 -0.240801
8 252 0.0860724 -0.723851
8 251 -1.43704 -1.34296
8 250 0.0456162 -0.77391
8 249 -0.363298 -0.876129
8 248 -0.698805 -0.68396
8 247 0.255894 -0.127026
8 246 -0.567211 -0.969088
8 245 0.119991 -0.937313
8 244 0.0419281 -0.0512762
8 243 -0.351236 -0.463794
8 242 -0.273398 -0.923788
8 241 0.57022 -0.0322398
8 240 0.570154 -0.262875
8 239 0.777663 -0.368074
8 238 -0.65537 -0.938051
8 237 -0.795511 -0.623525
8 236 -0.465768 -0.0759625
8 235 -0.527539 -0.639407
8 234 0.455038 -0.128711
8 233 0.401613 -0.0982346
8 232 -0.648692 0.00608509
8 231 -0.968995 -0.841136
8 230 -0.267908 -0.0160614
8 229 -0.296633 -0.226006
8 228 -0.137423 -0.069655
8 227 0.452838 -0.477598
8 226 0.494891 -0.650781
8 225 -0.514361 -0.202769
8 224 -0.406515 -0.0948029
8 223 0.256065 -0.801771
8 222 0.0987903 0.151154
8 221 -0.501165 -0.377095
8 220 0.177333 -1.02924
8 219 -0.0890696 -0.972856
8 218 -0.253972 -0.823786
8 217 -0.564478 -0.0285367
8 216 -0.287263 0.265002
8 215 0.00920084 -1.56847
8 214 0.339541 0.0950169
8 213 -0.466696 -0.0787965
8 212 -0.79265 -0.737192
8 211 -0.58181 -0.142225
8 210 0.281073 -0.993186
8 209 0.60269 -0.668122
8 208 -0.591549 -0.619868
8 207 -0.0470111 0.133413
8 206 0.454426 0.148374
8 205 0.00726761 -0.721684
8 204 0.4104 -1.22643
8 203 -0.308637 -0.152808
8 202 0.591187 0.0452646
8 201 -0.666141 -0.723067
8 200 0.546115 -0.144677
8 199 -0.339848 0.303057
8 96 -0.634359 -0.183867
8 95 -0.195088 -0.471493
8 94 0.357446 -1.18729
8 93 0.706306 -0.109885
8 92 0.481172 -1.28978
8 91 -0.606708 -0.0755472
8 90 -0.0233478 -0.604015
8 89 -0.104247 0.263028
8 88 -0.179951 0.21721
8 87 0.189344 -1.3753
8 86 -0.714337 -0.880067
8 85 0.023112 -0.224235
8 84 0.100452 -0.203858
8 83 0.558779 -1.42594
8 82 0.74251 -0.220627
8 81 0.340488 -0.806494
8 80 -0.0902255 -0.771787
8 79 -0.46397 -0.0306724
8 78 -0.269234 -0.576183
8 77 0.00533385 -0.140323
8 76 -0.691513 -0.520418
8 75 -0.0920543 -0.164981
8 74 -0.443928 -0.627631
8 73 -0.052235 -1.11427
8 72 -0.199309 -1.07423
8 71 -0.554936 -0.448506
8 70 -0.154983 0.294644
8 69 -0.730885 -0.817655
8 68 -0.605777 -0.71257
8 67 0.0679768 -0.28096
8 66 -1.04905 -0.36306
8 65 -0.394885 -0.107239
8 64 -0.180321 -0.852857
8 63 -0.0485989 -0.139556
8 62 -0.023271 0.0161707
8 61 0.283831 -0.395744
8 60 0.0442441 -0.254114
8 59 0.34892 -0.0238661
8 58 -0.195175 -0.806262
8 57 -0.172074 -0.671866
8 56 -0.0281589 0.33261
8 55 -0.0589987 -0.149522
8 54 -0.416948 -0.437718
8 53 -0.983659 -1.01174
8 52 0.253828 -0.507195
8 51 -0.579499 -0.53817
8 50 0.262294 -0.825063
8 49 0.519027 -1.64658
8 48 0.482123 -0.0267889
8 47 0.148805 -0.372878
8 22 -0.232406 -0.176769
8 21 -0.413882 0.102512
8 20 0.303957 -0.68271
8 19 -0.488906 -0.0239392
8 18 0.0379148 -0.243673
8 17 -0.523117 -0.327512
8 16 -0.474659 -0.552316
8 15 0.195649 0.0979756
8 14 -0.312779 0.277311
8 13 0.101673 -0.244748
8 12 -0.0286869 -0.799213
8 11 -0.690695 -0.1319
8 4 0.453062 -0.0353296
8 3 -0.408595 -0.289449
8 2 -0.273792 -1.05375
8 0 -0.668474 -0.530194
8 1 -0.675064 0.403225
8 5 -0.603579 -0.207209
8 6 -0.427849 -0.0167906
8 7 0.704226 -0.0763586
8 8 -0.565345 -0.273242
8 9 -0.357393 0.320711
8 10 0.140795 -0.595996
8 23 -0.736433 -0.252061
8 24 -1.02164 -0.563747
8 25 -0.16665 -0.0761207
8 26 0.32443 -0.982099
8 27 0.460018 -0.0923476
8 28 0.45738 -0.0101015
8 29 -0.534306 -0.647535
8 30 -0.0503054 -1.01041
8 31 -0.0333371 -0.482584
8 32 0.156444 -0.205504
8 33 -0.280074 0.29509
8 34 0.0291571 -0.535387
8 35 -0.869795 -0.815118
8 36 -0.463525 -0.894206
8 37 -0.577637 -0.270757
8 38 0.16292 -0.290671
8 39 -0.771448 0.054537
8 40 -0.702854 0.0269116
8 41 0.371113 -0.263233
8 42 -0.190078 -0.710899
8 43 0.200019 -1.83737
8 44 0.469289 0.212918
8 45 -0.526904 -0.456009
8 46 -0.817879 -0.890079
8 97 -0.882456 -1.39419
8 98 0.276989 -0.174473
8 99 -0.283885 -0.431826
8 100 0.400136 -0.306935
8 101 0.753588 0.00993946
8 102 -0.315119 -1.14952
8 103 0.206994 -0.682133
8 104 -0.0154606 -0.587095
8 105 0.265291 -0.839213
8 106 0.620691 -0.102236
8 107 0.687156 -0.0578937
8 108 0.0439001 0.0078795
8 109 -0.721328 0.200684
8 110 -0.575642 -1.02116
8 111 0.00302844 -1.01078
8 112 0.381567 -1.17477
8 113 -0.108182 -0.698451
8 114 0.166327 -0.803608
8 115 -0.000380871 -0.775961
8 116 0.704114 -0.912428
8 117 -0.113304 0.222308
8 118 -0.267286 -0.871562
8 119 -0.283795 0.0789934
8 120 0.11131 -1.42638
8 121 -0.532501 0.443583
8 122 -0.495767 -0.80004
8 123 0.132219 -1.75868
8 124 -0.436609 -0.16881
8 125 0.548679 -1.23768
8 126 -0.519552 -0.810333
8 127 -0.257576 -0.741386
8 128 0.539674 -0.0262077
8 129 0.00882596 -0.350214
8 130 -0.388598 -0.72409
8 131 0.189524 -0.607529
8 132 0.111961 -0.676233
8 133 -0.186415 -0.696512
8 134 -0.322198 0.31776
8 135 -1.10651 -1.3403
8 136 -0.802747 -0.271446
8 137 -0.179048 -1.01899
8 138 -0.32891 -0.858744
8 139 -0.117155 -1.36296
8 140 -1.06407 -0.16939
8 141 0.557395 -0.0362464
8 142 -0.042741 -0.589304
8 143 0.406208 -0.65062
8 144 0.0296088 0.36906
8 145 -0.0118207 -1.77134
8 146 -0.571322 -0.449523
8 147 -0.555821 -0.849221
8 148 -0.269543 -1.18178
8 149 -0.623854 0.353282
8 150 -0.200977 -1.04602
8 151 0.315238 -0.227527
8 152 0.0814194 -0.648795
8 153 0.0901243 -0.860305
8 154 -0.105071 -0.244498
8 155 -0.419456 -0.00453885
8 156 -0.578589 -1.06891
8 157 -0.176942 -0.906353
8 158 -0.134591 -0.848814
8 159 -0.159682 0.00715217
8 160 -0.336373 -1.5901
8 161 0.126842 -1.24584
8 162 -0.48933 -0.208834
8 163 0.67683 -0.215725
8 164 -0.313909 -0.327071
8 165 -0.497603 0.255933
8 166 -0.460279 -0.704851
8 167 -0.0122424 -0.607823
8 168 -0.657962 -1.06823
8 169 -0.182486 -1.10042
8 170 -0.102821 -1.08751
8 171 0.222275 -1.26875
8 172 -0.010985 -0.213552
8 173 -0.117552 -1.38614
8 174 -0.399259 -0.254539
8 175 -0.138328 -0.622811
8 176 0.232487 -0.742077
8 177 -0.189245 -0.0757445
8 178 -0.384762 -1.05178
8 179 -0.187743 -0.883071
8 180 -0.539402 -0.135462
8 181 0.277437 -0.512761
8 182 -0.502332 -0.996392
8 183 -0.0610191 -1.26401
8 184 0.682269 -0.659686
8 185 -0.659163 -0.525901
8 186 0.755056 0.126313
8 187 0.432454 -1.13121
8 188 -0.66733 -0.376279
8 189 -0.30006 0.0125796
8 190 -0.0651773 -0.643973
8 191 0.115614 -0.364989
8 192 0.584693 -0.890238
8 193 -0.586586 -0.569916
8 194 -0.445099 -0.27162
8 195 -0.388303 -0.883549
8 196 0.106266 -1.09071
8 197 0.41672 -0.00428002
8 198 -0.256473 -1.0985
9 299 -0.424891 -0.00454922
9 298 0.675421 -0.756191
9 297 -0.895821 -0.583223
9 296 -0.249669 -0.866156
9 295 -0.251275 -0.876277
9 294 -0.641169 -0.299529
9 293 0.0514924 -0.0272681
9 292 -0.278465 -1.81326
9 291 0.421369 -1.13479
9 290 -0.663884 -0.232565
9 289 -0.260787 -0.543874
9 288 -0.744991 -0.526104
9 287 0.022818 -0.627294
9 286 -0.193796 -0.0672636
9 285 -0.313164 -0.495235
9 284 -0.183574 -0.221505
9 283 -0.0133656 -0.515289
9 282 -0.44687 -0.776723
9 281 -0.510031 0.472812
9 280 0.156507 -1.05653
9 279 -0.798273 0.0733728
9 278 -0.340099 -0.689713
9 277 -0.382744 -0.279253
9 276 -0.0845384 -1.19086
9 275 -0.338044 -0.698316
9 274 0.566116 -0.118835
9 273 -0.0639381 -0.952293
9 272 0.786233 -0.374921
9 271 -0.118116 -0.727615
9 270 0.201539 -1.69292
9 269 -0.169234 -0.689627
9 268 0.0466197 -0.0823938
9 267 -0.224907 -0.677999
9 266 -1.31582 -1.11301
9 265 0.0329207 -0.0770998
9 264 0.794318 -0.0599
9 263 -0.0503111 -0.983719
9 262 -0.172024 -0.840974
9 261 -0.998729 -0.684035
9 260 -0.459731 -0.630606
9 259 -1.16223 -0.989399
9 258 0.551353 -1.25856
9 257 0.3275 0.0255624
9 256 0.109649 -1.03383
9 255 -0.859951 -0.947781
9 254 -0.316647 -0.440446
9 253 0.0480865 -0.290166
9 252 0.0582293 -0.808307
9 251 -1.51875 -1.39879
9 250 0.0148406 -0.837982
9 249 -0.402832 -0.916303
9 248 -0.733784 -0.722897
9 247 0.250317 -0.188977
9 246 -0.614568 -1.03369
9 245 0.083332 -1.00292
9 244 0.0358677 -0.0997201
9 243 -0.372486 -0.503633
9 242 -0.316388 -0.99039
9 241 0.572184 -0.0985831
9 240 0.567321 -0.34931
9 239 0.771972 -0.468533
9 238 -0.701579 -0.993256
9 237 -0.830566 -0.680317
9 236 -0.474155 -0.106887
9 235 -0.559154 -0.68168
9 234 0.453008 -0.197244
9 233 0.400729 -0.162068
9 232 -0.65831 -0.032688
9 231 -1.01597 -0.878519
9 230 -0.271681 -0.0557283
9 229 -0.30902 -0.262087
9 228 -0.141502 -0.116493
9 227 0.436509 -0.542522
9 226 0.472527 -0.763011
9 225 -0.526083 -0.227799
9 224 -0.415355 -0.122183
9 223 0.225456 -0.868377
9 222 0.106481 0.0868018
9 221 -0.518983 -0.406881
9 220 0.136936 -1.10149
9 219 -0.130282 -1.04727
9 218 -0.292834 -0.889985
9 217 -0.574117 -0.0645106
9 216 -0.280266 0.234798
9 215 -0.058588 -1.67797
9 214 0.347605 0.0363227
9 213 -0.473741 -0.117132
9 212 -0.830825 -0.771295
9 211 -0.600842 -0.211268
9 210 0.243683 -1.07079
9 209 0.584707 -0.765804
9 208 -0.621112 -0.647226
9 207 -0.0424208 0.0843077
9 206 0.463826 0.0647396
9 205 -0.0217425 -0.784912
9 204 0.363985 -1.32474
9 203 -0.318553 -0.188477
9 202 0.60066 -0.0491907
9 201 -0.702414 -0.759978
9 200 0.544748 -0.233006
9 199 -0.330969 0.259152
9 96 -0.648841 -0.220717
9 95 -0.215846 -0.520351
9 94 0.312751 -1.2761
9 93 0.712231 -0.228489
9 92 0.436864 -1.40191
9 91 -0.61727 -0.106334
9 90 -0.0482153 -0.686784
9 89 -0.0980813 0.209772
9 88 -0.174803 0.169758
9 87 0.134883 -1.47578
9 86 -0.760893 -0.933762
9 85 0.0133366 -0.276189
9 84 0.0945631 -0.265845
9 83 0.507859 -1.53953
9 82 0.742748 -0.311994
9 81 0.311268 -0.905637
9 80 -0.122913 -0.818277
9 79 -0.468672 -0.0551812
9 78 -0.297343 -0.62562
9 77 0.00166124 -0.193858
9 76 -0.720561 -0.563803
9 75 -0.100162 -0.254033
9 74 -0.472741 -0.662541
9 73 -0.0967033 -1.19269
9 72 -0.245321 -1.13439
9 71 -0.577636 -0.474588
9 70 -0.146597 0.242771
9 69 -0.772598 -0.846829
9 68 -0.640772 -0.73939
9 67 0.0585523 -0.332398
9 66 -1.08012 -0.415002
9 65 -0.404981 -0.134497
9 64 -0.214433 -0.898406
9 63 -0.0572665 -0.18484
9 62 -0.0255976 -0.0585981
9 61 0.266644 -0.458269
9 60 0.0335363 -0.305777
9 59 0.351663 -0.082448
9 58 -0.230603 -0.893434
9 57 -0.201979 -0.719852
9 56 -0.0166816 0.253847
9 55 -0.0672889 -0.197568
9 54 -0.442507 -0.496612
9 53 -1.03659 -1.04836
9 52 0.233069 -0.573426
9 51 -0.61088 -0.592649
9 50 0.232595 -0.934513
9 49 0.459057 -1.76634
9 48 0.484734 -0.0920011
9 47 0.135498 -0.460204
9 22 -0.244234 -0.219042
9 21 -0.414481 0.0502758
9 20 0.279009 -0.752838
9 19 -0.495839 -0.0500403
9 18 0.0267704 -0.299211
9 17 -0.541498 -0.361343
9 16 -0.500411 -0.582775
9 15 0.200332 0.0464338
9 14 -0.304681 0.24463
9 13 0.0921192 -0.307537
9 12 -0.0596622 -0.849142
9 11 -0.709853 -0.198008
9 4 0.45426 -0.115246
9 3 -0.424535 -0.325515
9 2 -0.317641 -1.11091
9 0 -0.702968 -0.593748
9 1 -0.671432 0.356504
9 5 -0.621459 -0.273838
9 6 -0.433768 -0.0541054
9 7 0.70711 -0.158604
9 8 -0.580458 -0.314361
9 9 -0.349266 0.290644
9 10 0.119632 -0.651165
9 23 -0.761144 -0.302817
9 24 -1.06161 -0.612565
9 25 -0.170661 -0.131208
9 26 0.287782 -1.056
9 27 0.46313 -0.183123
9 28 0.460935 -0.084572
9 29 -0.563315 -0.687622
9 30 -0.0915044 -1.11876
9 31 -0.0553651 -0.559832
9 32 0.148733 -0.262906
9 33 -0.272268 0.262711
9 34 0.00806872 -0.592054
9 35 -0.913113 -0.84751
9 36 -0.507627 -0.968508
9 37 -0.592653 -0.298683
9 38 0.150761 -0.367594
9 39 -0.781129 0.00761848
9 40 -0.71299 -0.0111468
9 41 0.36314 -0.36278
9 42 -0.223071 -0.755734
9 43 0.127958 -1.96411
9 44 0.482312 0.119635
9 45 -0.555346 -0.501795
9 46 -0.864593 -0.924166
9 97 -0.950438 -1.45699
9 98 0.271846 -0.231851
9 99 -0.305752 -0.48396
9 100 0.39069 -0.380705
9 101 0.763636 -0.0714773
9 102 -0.36746 -1.21381
9 103 0.182096 -0.749662
9 104 -0.0390879 -0.657947
9 105 0.231564 -0.908353
9 106 0.623003 -0.174984
9 107 0.690674 -0.14566
9 108 0.0455931 -0.0474924
9 109 -0.725131 0.155114
9 110 -0.619097 -1.07141
9 111 -0.0380066 -1.09258
9 112 0.340332 -1.2892
9 113 -0.138114 -0.746762
9 114 0.134157 -0.861253
9 115 -0.0322466 -0.849352
9 116 0.678262 -1.03905
9 117 -0.106707 0.173034
9 118 -0.308124 -0.923586
9 119 -0.285153 0.0326381
9 120 0.0552233 -1.54303
9 121 -0.52199 0.399983
9 122 -0.538309 -0.871111
9 123 0.0626289 -1.87861
9 124 -0.448806 -0.208275
9 125 0.506158 -1.34331
9 126 -0.561019 -0.875214
9 127 -0.291432 -0.814698
9 128 0.543044 -0.089742
9 129 -0.00518549 -0.433418
9 130 -0.42232 -0.754649
9 131 0.166369 -0.68865
9 132 0.0851942 -0.738638
9 133 -0.219668 -0.779102
9 134 -0.313394 0.290268
9 135 -1.17887 -1.39291
9 136 -0.825289 -0.313364
9 137 -0.222587 -1.07181
9 138 -0.368435 -0.898396
9 139 -0.175494 -1.47748
9 140 -1.09038 -0.215484
9 141 0.558656 -0.10599
9 142 -0.0687217 -0.655222
9 143 0.384612 -0.719754
9 144 0.0394648 0.282986
9 145 -0.0840812 -1.89276
9 146 -0.596115 -0.484467
9 147 -0.593843 -0.883761
9 148 -0.31944 -1.25575
9 149 -0.62034 0.312284
9 150 -0.248319 -1.15026
9 151 0.310511 -0.302491
9 152 0.0568148 -0.697236
9 153 0.0574833 -0.919907
9 154 -0.11771 -0.28766
9 155 -0.425281 -0.0417278
9 156 -0.630612 -1.13073
9 157 -0.218773 -0.977571
9 158 -0.168635 -0.905352
9 159 -0.161053 -0.0299612
9 160 -0.403628 -1.68082
9 161 0.0777477 -1.33091
9 162 -0.504467 -0.232584
9 163 0.674859 -0.298274
9 164 -0.332635 -0.371046
9 165 -0.494599 0.225852
9 166 -0.49533 -0.776572
9 167 -0.0384774 -0.703479
9 168 -0.712097 -1.14693
9 169 -0.228153 -1.16981
9 170 -0.145887 -1.14838
9 171 0.172874 -1.35024
9 172 -0.0210695 -0.29426
9 173 -0.175695 -1.47266
9 174 -0.414957 -0.294656
9 175 -0.169432 -0.691559
9 176 0.203041 -0.807452
9 177 -0.19438 -0.11284
9 178 -0.430489 -1.10078
9 179 -0.227722 -0.942336
9 180 -0.548701 -0.160361
9 181 0.256015 -0.573437
9 182 -0.551778 -1.05845
9 183 -0.112557 -1.35959
9 184 0.664319 -0.762542
9 185 -0.686281 -0.544823
9 186 0.770635 0.0206557
9 187 0.393584 -1.21634
9 188 -0.688559 -0.400572
9 189 -0.303096 -0.0248489
9 190 -0.0888748 -0.692199
9 191 0.100659 -0.465412
9 192 0.556301 -1.01994
9 193 -0.621324 -0.639949
9 194 -0.461526 -0.30329
9 195 -0.428687 -0.947673
9 196 0.0625078 -1.16035
9 197 0.420205 -0.100278
9 198 -0.302367 -1.15681
0
0
0
-0
-0
-0
1
0
0
0
0
-0.0392699
-0.00616771
-0.314079
-0.0784591
1
0
0
-0.0983847
-0.0828658
-0.0696641
0.14674
-0.898666
0.0839939
1
0
0
0.0269896
0.0798602
-0.0669156
0.032396
-0.547739
0.283263
1
0
0
0.0890741
0.00916042
-0.138578
-0.174882
-1.38076
-0.418733
1
0
0
0.0760634
-0.136438
-0.271614
-0.339452
-1.42683
-0.366846
1
0
0
-0.1197
-0.0205923
-0.207135
-0.0700361
-1.87626
0.0349751
1
0
0
-0.0910454
-0.18195
-0.282552
-0.163932
-2.15843
-0.323223
1
0
0
0.026616
0.168951
-0.219668
-0.052487
-2.24292
-0.913684
1
0
0
-0.0757992
-0.0303875
-0.337685
-0.15482
-3.24261
-0.711015
1
0
0
-1.90618
-0.874208
4.46517
-3.17334
2.63784
4.60505
0.329986
-4.27898
6.22564
-2.03185
-0.731955
7.15131
2.18013
2.46912
5.59513
-1.94948
0.493166
4.26597
-2.36435
1.08051
6.29097
4.10284
2.79937
6.51093
-2.45536
-0.383501
5.85023
-3.01503
3.24336
7.28384
2.28834
-1.91096
7.84774
-2.16326
0.774102
3.95193
1.45833
-3.35629
7.40907
0.914806
0.800314
6.13396
-2.67426
3.07604
7.37408
0.981045
2.97556
7.1866
-2.0874
-2.95877
7.79166
-2.41087
-0.879042
6.47749
0.621155
0.600804
6.57857
-3.17818
0.747994
7.35935
2.99092
-1.44975
6.61464
-1.94653
1.79883
5.00416
-1.14099
0.353053
7.04469
-2.69233
-0.0608116
4.77001
-3.20878
-1.44811
4.49102
-0.732704
1.29957
5.6344
3.70963
-3.19555
6.67248
2.00998
2.17304
4.94044
2.41972
2.67256
6.16946
-1.77118
-2.43819
6.13248
0.867666
-1.44435
3.98359
0.464469
-0.144899
4.942
1.36613
0.948037
7.23021
-2.46823
3.2414
7.27928
1.16902
-1.22261
6.83887
-3.27174
-3.91188
6.11758
-0.708984
-2.08321
4.55925
-3.18549
-1.01229
7.27915
1.11604
0.853479
5.29475
-3.082
1.1747
4.57444
-3.31259
1.00241
5.34609
1.61971
1.4095
4.3756
0.20956
-3.17072
7.45638
2.69395
-4.16539
4.14372
1.49412
3.34291
4.58987
-1.9522
-1.22995
5.80442
-2.8544
-4.18841
6.09298
1.03649
0.623003
4.74829
3.17841
2.78854
7.42854
4.19149
-4.01482
4.75539
1.8082
-0.665114
4.21227
-1.78333
-1.17624
5.02361
2.46028
-0.640279
6.86264
-3.18847
-4.45532
5.56692
-1.24033
-0.563428
5.09982
-0.113177
0.901041
6.9607
-0.54525
3.09686
4.32292
0.224357
-2.48731
6.91531
0.199962
-1.30503
4.43917
2.42801
2.54438
7.8211
0.742685
0.426566
7.10548
2.58288
-0.01696
7.26151
-0.171665
1.96323
4.77281
-0.0779211
0.91412
7.41047
0.613384
-4.26342
7.66765
-2.58521
0.275317
7.91994
-3.30204
-0.535759
4.20488
1.04765
0.14772
7.73682
-2.51147
-4.04566
7.43092
-2.8508
-4.42766
6.85471
-1.2495
3.09287
5.53603
-2.83182
-2.35205
7.69549
0.721967
-3.98145
5.9915
1.38107
-3.25848
5.34502
-1.55012
-2.90009
7.11313
-0.174529
1.27185
4.07113
-2.52493
-1.60266
5.50958
0.26824
1.08308
6.92388
-0.510489
-1.77622
6.38877
-3.21781
0.669823
7.87771
1.07182
-3.69191
7.89534
2.43989
-0.946386
4.86367
4.08082
2.0347
5.85714
4.21319
-3.264
4.91446
0.870653
0.991671
6.28065
0.541855
0.581825
7.04357
-1.90163
-2.87832
5.07091
2.53976
-3.42075
4.80996
-1.38441
2.7705
6.10508
-1.00203
3.06955
5.77996
0.659702
-0.586215
4.83977
-3.32726
0.393285
6.44326
3.62848
-2.69295
4.81706
2.52318
2.34019
4.17214
3.67271
-3.43248
5.7847
-0.28859
-1.14837
6.57993
-2.90343
-0.00361686
5.7535
-1.69941
-4.53524
4.56969
2.23135
1.35446
7.727
-0.817993
-0.895719
6.16735
2.82091
0.904519
6.54375
4.34184
3.4175
6.65883
0.227132
-4.04453
5.54275
2.44493
-1.63658
6.62651
0.790375
-0.869472
5.50069
3.14291
-2.54485
6.77613
4.00597
2.55341
7.03922
3.54538
2.77032
5.88822
0.214065
2.05288
6.86376
-3.15486
1.7944
4.67467
-1.26732
-4.15563
5.82147
1.39046
-2.43263
5.07418
2.88387
-2.10877
4.56316
0.742501
-2.98524
7.53937
2.94897
-3.33084
7.88695
1.13616
-1.73425
5.49108
3.50229
-0.494076
4.26203
-1.09154
2.96014
6.43788
0.0230675
-3.2367
6.19743
-1.65448
1.86279
5.96224
1.94777
-2.89236
4.17406
-2.94173
3.09151
5.02704
-0.936876
-1.6519
4.44965
2.40082
-4.05073
4.19294
-2.10946
0.255664
6.1839
4.15934
-2.74926
5.17317
-1.10698
-2.09515
4.84917
-0.115659
-1.34478
4.71087
3.78177
2.97546
7.88334
0.433238
0.571648
4.63661
-1.12916
-4.04215
7.92624
1.74506
-0.595362
5.38893
1.85236
-1.74345
6.56961
0.0937923
-0.903098
4.45936
-2.9419
3.37657
7.65885
-2.61224
-4.54267
4.53531
-3.14239
-0.385256
5.09063
0.850271
-4.41931
6.72869
-0.3846
-4.30012
7.30618
1.0165
-2.63638
3.94992
-3.53368
0.157237
4.15229
3.8222
2.89989
7.67529
0.687574
-1.0573
5.73063
3.88594
-1.36334
7.20656
-0.354281
3.17429
3.97425
1.78045
-3.83727
3.94603
-2.39624
-1.56323
6.32288
-1.75559
-4.35832
6.95736
0.446614
-3.5333
5.05283
-3.26457
2.57994
5.09521
0.417909
-1.79659
4.04694
1.88632
1.31256
5.75473
2.00924
-2.41341
7.88663
2.21136
-3.14409
6.95146
-0.23595
0.0138498
7.7383
-2.39961
1.13891
6.43056
-1.04361
-3.46245
5.03104
0.474292
-2.39198
5.23739
0.76362
-3.18022
6.54824
-1.1887
1.60743
7.89749
0.631695
-4.45814
4.48002
2.44966
-3.73818
5.47079
-2.98864
-0.633039
7.83045
4.09808
1.95501
6.36385
-1.21055
-0.467024
6.4028
-3.39987
2.46824
6.58402
-0.938467
-1.38378
4.60301
0.627715
-0.309073
4.36192
-1.11109
-2.46353
4.13383
0.775625
-3.5065
5.45584
1.31142
-4.12722
6.21734
3.18773
-4.17714
5.8905
0.172482
1.1032
4.53382
1.30211
-3.8607
4.80439
-1.91328
-0.331636
6.69546
0.229925
-1.0969
5.28316
2.80503
-2.09403
6.86983
-1.1546
1.00351
7.61184
-0.276659
-4.42954
6.20979
0.47176
-3.07243
6.09076
-3.52323
-0.261916
7.91309
2.76271
-0.760126
7.21204
-0.840979
-3.18579
5.16196
1.26653
-2.89834
4.48117
3.77581
0.0722139
5.01424
-3.46395
-3.24658
7.88493
2.80658
3.40736
4.72096
4.2664
-3.40611
6.19251
-3.56969
-1.90725
7.33814
-1.83731
1.44517
6.69335
0.975911
-2.72924
7.88186
0.750681
0.814467
4.09643
2.86698
-0.410357
4.03635
-1.51074
-0.82725
4.33591
-2.3756
-0.779701
7.37088
-0.496232
-2.57863
5.21709
2.60458
-4.15363
6.57533
1.53892
2.42838
4.53749
0.506252
-4.5143
6.2628
-2.23523
2.88531
5.77222
2.70689
2.07922
5.41002
-2.37414
-3.14005
6.19287
2.4176
2.94391
5.02527
-1.73389
0.290682
7.34042
3.50568
-2.8778
5.15995
1.30892
-2.0945
6.39782
1.76098
3.24301
5.21238
-0.550554
2.5869
6.34107
-2.62657
-3.46261
7.50321
3.74597
-0.246917
5.38195
3.20626
-2.93993
6.19905
-1.84934
0.824073
4.04534
-2.96643
-3.32098
6.07482
-2.43377
0.689188
6.21232
2.06543
3.32813
7.71746
1.78758
-3.64003
4.26592
-2.67027
3.1334
7.91943
-3.02046
0.792661
6.14616
0.00344608
-2.1108
5.21667
0.977648
-2.60466
5.29021
2.75555
-3.39606
6.29271
-2.47282
-1.52487
7.26206
0.192149
2.79507
5.49291
3.12315
-2.48646
6.97981
-2.65958
0.355912
7.82813
-3.07876
-0.574702
7.64569
2.58044
0.0975604
4.44388
4.22098
-0.394433
7.90119
-0.72642
1.26026
6.76419
-1.53464
-0.224396
7.51942
-1.62809
1.30647
6.85382
-3.16372
-3.24798
5.23795
-3.04523
0.988102
5.36459
2.7579
2.13163
7.33295
3.07985
2.04031
7.15295
-1.73845
-2.34906
6.08118
-2.66009
0.587737
6.73921
-2.36688
-1.52935
4.64536
-1.62556
-3.2534
5.26031
4.1851
1.38829
5.48233
3.14798
1.55968
5.64758
3.973
2.9824
7.82689
0.0707014
-2.81752
5.45242
-1.28893
-1.68397
7.08995
0.323341
1.67206
7.52635
2.39319
-3.24588
6.5854
-1.11593
-2.97582
4.99211
1.6943
1.66694
6.69108
-2.49472
-2.74585
5.91665
-0.554414
-4.45148
7.28145
1.67011
-2.44527
6.57757
-3.46817
-4.25027
4.11467
1.35012
-1.10172
5.09703
0.845977
0.45698
7.49348
-0.836389
-0.268268
5.37337
-2.4794
-3.54554
5.44387
2.68066
-3.49878
6.73155
1.66883
3.0616
6.69782
4.04774
-2.13047
4.99261
-3.44667
-3.62431
4.99074
-1.67997
-3.20763
7.82109
-2.76742
-1.4669
4.32197
0.495837
-2.04469
5.61871
1.14501
-1.93842
5.0235
3.67116
3.31945
5.57839
0.212883
1.81917
7.27432
-3.55474
-3.78986
4.5988
-0.0679506
-0.357564
4.1985
0.255003
1.87239
6.24168
0.409717
-2.65071
7.50785
2.67579
-3.3281
4.24895
0.737968
-2.33307
6.89996
3.13523
1.91941
4.3816
1.37742
-2.95208
6.24962
3.53291
2.76382
7.03951
-0.645102
-2.84518
7.16878
1.19331
-2.39978
4.62466
-1.7464
-0.17364
6.66076
-0.700474
-2.90101
7.28583
-3.18717
1.42351
4.50168
3.54966
-4.53677
7.8004
-2.40333
3.15888
4.0827
-0.843148
-1.80715
5.16115
0.498885
0.303526
4.51587
-0.832623
0.272799
7.76581
-0.836327
-0.965649
6.14482
-1.18873
1.37195
7.11101
1.40494
-1.53322
7.07444
-3.62019
-2.82566
7.30371
-0.416828
-0.523852
5.1705
-3.5636
-0.586325
6.87979
4.15471
-2.80515
6.06208
1.18227
-4.32104
4.22948
0.158355
2.18515
5.92587
-3.125
-0.788098
6.56692
0.213772
-2.72908
6.02928
0.221877
-2.95816
6.35598
-2.65013
-1.13909
4.50706
3.97211
0.0310299
5.19744
-1.7795
1.60322
4.68795
