10 300
0
0
0
-0
-0
-0
1
0
0
0
0
-0.0392699
-0.00616771
-0.314079
-0.0784591
1
0
0
0
0
-0.0785398
-0.0246613
-0.627673
-0.156434
1
0
0
0
0
-0.11781
-0.0554523
-0.940299
-0.233445
1
0
0
0
0
-0.15708
-0.0984933
-1.25148
-0.309017
1
0
0
0
0
-0.19635
-0.153718
-1.56072
-0.382683
1
0
0
0
0
-0.235619
-0.221041
-1.86756
-0.45399
1
0
0
0
0
-0.274889
-0.300358
-2.17152
-0.522499
1
0
0
0
0
-0.314159
-0.391548
-2.47214
-0.587785
1
0
0
0
0
-0.353429
-0.494469
-2.76894
-0.649448
1
0
0
-2.24833
-0.330799
4.52615
-3.51549
3.18125
4.66603
-0.012159
-3.73557
6.28662
-2.374
-0.188546
7.21229
1.83798
3.01253
5.65611
-2.29163
1.03657
4.32695
-2.7065
1.62392
6.35196
3.76069
3.34278
6.57192
-2.79751
0.159908
5.91122
-3.35718
3.78677
7.34483
1.94619
-1.36755
7.90872
-2.5054
1.31751
4.01292
1.11619
-2.81288
7.47006
0.572661
1.34372
6.19495
-3.0164
3.61945
7.43506
0.6389
3.51897
7.24758
-2.42954
-2.41536
7.85264
-2.75302
-0.335633
6.53848
0.27901
1.14421
6.63955
-3.52032
1.2914
7.42033
2.64877
-0.906341
6.67562
-2.28867
2.34224
5.06515
-1.48314
0.896462
7.10567
-3.03447
0.482597
4.831
-3.55092
-0.904696
4.55201
-1.07485
1.84298
5.69538
3.36749
-2.65214
6.73346
1.66783
2.71645
5.00142
2.07758
3.21597
6.23044
-2.11333
-1.89478
6.19346
0.525521
-0.900936
4.04457
0.122324
0.39851
5.00298
1.02399
1.49145
7.29119
-2.81037
3.78481
7.34027
0.826878
-0.679197
6.89985
-3.61388
-3.36847
6.17856
-1.05113
-1.5398
4.62023
-3.52763
-0.468885
7.34014
0.773895
1.39689
5.35573
-3.42415
1.71811
4.63542
-3.65473
1.54582
5.40708
1.27756
1.95291
4.43658
-0.132584
-2.62731
7.51736
2.3518
-3.62198
4.20471
1.15198
3.88631
4.65085
-2.29435
-0.686545
5.8654
-3.19654
-3.645
6.15396
0.694349
1.16641
4.80928
2.83626
3.33195
7.48952
3.84935
-3.47141
4.81637
1.46605
-0.121705
4.27326
-2.12548
-0.632834
5.08459
2.11814
-0.09687
6.92362
-3.53062
-3.91191
5.62791
-1.58247
-0.0200192
5.1608
-0.455322
1.44445
7.02169
-0.887395
3.64027
4.38391
-0.117788
-1.9439
6.97629
-0.142183
-0.761623
4.50015
2.08586
3.08779
7.88209
0.40054
0.969975
7.16646
2.24073
0.526449
7.32249
-0.51381
2.50664
4.8338
-0.420066
1.45753
7.47146
0.271239
-3.72001
7.72863
-2.92735
0.818726
7.98092
-3.64419
0.00764996
4.26586
0.705502
0.691129
7.7978
-2.85362
-3.50225
7.4919
-3.19294
-3.88425
6.91569
-1.59165
3.63628
5.59701
-3.17397
-1.80864
7.75647
0.379822
-3.43804
6.05248
1.03893
-2.71507
5.406
-1.89227
-2.35668
7.17411
-0.516674
1.81526
4.13211
-2.86707
-1.05925
5.57056
-0.0739055
1.62649
6.98487
-0.852634
-1.23282
6.44976
-3.55996
1.21323
7.93869
0.729671
-3.1485
7.95632
2.09774
-0.402977
4.92466
3.73868
2.57811
5.91812
3.87105
-2.7206
4.97545
0.528508
1.53508
6.34163
0.19971
1.12523
7.10455
-2.24377
-2.33491
5.13189
2.19762
-2.87735
4.87095
-1.72656
3.31391
6.16607
-1.34418
3.61295
5.84094
0.317557
-0.0428061
4.90076
-3.6694
0.936694
6.50425
3.28634
-2.14954
4.87805
2.18103
2.8836
4.23312
3.33056
-2.88907
5.84568
-0.630735
-0.604965
6.64091
-3.24558
0.539792
5.81449
-2.04156
-3.99183
4.63068
1.88921
1.89787
7.78799
-1.16014
-0.35231
6.22833
2.47876
1.44793
6.60473
3.9997
3.96091
6.71981
-0.115013
-3.50112
5.60373
2.10279
-1.09317
6.68749
0.44823
-0.326063
5.56168
2.80077
-2.00144
6.83711
3.66382
3.09682
7.1002
3.20324
3.31373
5.9492
-0.12808
2.59628
6.92475
-3.49701
2.33781
4.73565
-1.60946
-3.61222
5.88246
1.04832
-1.88922
5.13517
2.54173
-1.56536
4.62415
0.400357
-2.44183
7.60035
2.60682
-2.78743
7.94793
0.794017
-1.19084
5.55206
3.16015
0.0493335
4.32301
-1.43368
3.50355
6.49886
-0.319078
-2.69329
6.25841
-1.99662
2.4062
6.02323
1.60563
-2.34895
4.23505
-3.28387
3.63492
5.08802
-1.27902
-1.10849
4.51063
2.05868
-3.50732
4.25392
-2.45161
0.799073
6.24488
3.81719
-2.20585
5.23416
-1.44913
-1.55174
4.91015
-0.457804
-0.801372
4.77185
3.43963
3.51887
7.94432
0.0910928
1.11506
4.69759
-1.4713
-3.49874
7.98722
1.40292
-0.0519527
5.44992
1.51022
-1.20004
6.63059
-0.248353
-0.359689
4.52034
-3.28405
3.91997
7.71984
-2.95439
-3.99926
4.5963
-3.48453
0.158153
5.15161
0.508126
-3.8759
6.78967
-0.726745
-3.75671
7.36716
0.674357
-2.09297
4.0109
-3.87582
0.700646
4.21327
3.48005
3.4433
7.73627
0.345429
-0.513888
5.79161
3.5438
-0.819931
7.26754
-0.696426
3.7177
4.03524
1.43831
-3.29386
4.00701
-2.73838
-1.01982
6.38386
-2.09774
-3.81491
7.01834
0.104469
-2.98989
5.11381
-3.60672
3.12335
5.1562
0.075764
-1.25319
4.10793
1.54417
1.85597
5.81571
1.66709
-1.87
7.94761
1.86922
-2.60068
7.01245
-0.578095
0.557259
7.79929
-2.74176
1.68232
6.49154
-1.38575
-2.91904
5.09202
0.132147
-1.84857
5.29838
0.421475
-2.63681
6.60922
-1.53085
2.15083
7.95848
0.28955
-3.91473
4.54101
2.10752
-3.19478
5.53178
-3.33079
-0.0896296
7.89144
3.75594
2.49842
6.42483
-1.55269
0.0763847
6.46378
-3.74202
3.01165
6.645
-1.28061
-0.840375
4.66399
0.28557
0.234336
4.42291
-1.45324
-1.92012
4.19481
0.43348
-2.96309
5.51682
0.969272
-3.58381
6.27833
2.84559
-3.63373
5.95149
-0.169663
1.6466
4.5948
0.959964
-3.31729
4.86537
-2.25542
0.211773
6.75644
-0.11222
-0.553488
5.34414
2.46289
-1.55062
6.93081
-1.49674
1.54692
7.67283
-0.618804
-3.88613
6.27078
0.129615
-2.52902
6.15175
-3.86538
0.281493
7.97407
2.42057
-0.216717
7.27303
-1.18312
-2.64238
5.22295
0.924387
-2.35493
4.54215
3.43366
0.615623
5.07522
-3.8061
-2.70317
7.94592
2.46443
3.95077
4.78195
3.92425
-2.86271
6.2535
-3.91184
-1.36384
7.39912
-2.17945
1.98858
6.75433
0.633766
-2.18583
7.94285
0.408537
1.35788
4.15741
2.52484
0.133052
4.09734
-1.85288
-0.283841
4.3969
-2.71774
-0.236292
7.43186
-0.838376
-2.03522
5.27807
2.26243
-3.61022
6.63632
1.19678
2.97178
4.59848
0.164107
-3.97089
6.32378
-2.57737
3.42872
5.8332
2.36475
2.62263
5.471
-2.71629
-2.59664
6.25385
2.07545
3.48732
5.08625
-2.07603
0.834091
7.40141
3.16354
-2.33439
5.22094
0.966779
-1.55109
6.4588
1.41883
3.78642
5.27336
-0.892699
3.13031
6.40205
-2.96871
-2.9192
7.56419
3.40383
0.296492
5.44293
2.86412
-2.39652
6.26003
-2.19149
1.36748
4.10632
-3.30857
-2.77757
6.13581
-2.77591
1.2326
6.27331
1.72328
3.87154
7.77844
1.44543
-3.09662
4.32691
-3.01242
3.6768
7.98041
-3.36261
1.33607
6.20715
-0.338699
-1.56739
5.27765
0.635503
-2.06125
5.35119
2.41341
-2.85266
6.3537
-2.81496
-0.981459
7.32305
-0.149996
3.33848
5.55389
2.78101
-1.94305
7.04079
-3.00173
0.899321
7.88912
-3.4209
-0.031293
7.70668
2.23829
0.640969
4.50487
3.87883
0.148976
7.96218
-1.06856
1.80367
6.82518
-1.87678
0.319013
7.5804
-1.97024
1.84988
6.9148
-3.50586
-2.70457
5.29894
-3.38738
1.53151
5.42557
2.41575
2.67503
7.39393
2.73771
2.58372
7.21393
-2.0806
-1.80565
6.14217
-3.00223
1.13115
6.80019
-2.70902
-0.985945
4.70634
-1.9677
-2.70999
5.32129
3.84296
1.9317
5.54332
2.80584
2.10309
5.70856
3.63086
3.52581
7.88788
-0.271444
-2.27411
5.51341
-1.63108
-1.14056
7.15093
-0.0188038
2.21547
7.58733
2.05105
-2.70247
6.64638
-1.45807
-2.43242
5.05309
1.35216
2.21035
6.75207
-2.83686
-2.20244
5.97763
-0.896559
-3.90807
7.34244
1.32796
-1.90186
6.63855
-3.81032
-3.70686
4.17566
1.00797
-0.558309
5.15801
0.503832
1.00039
7.55446
-1.17853
0.275141
5.43435
-2.82154
-3.00213
5.50485
2.33852
-2.95537
6.79253
1.32668
3.60501
6.7588
3.7056
-1.58706
5.05359
-3.78881
-3.0809
5.05172
-2.02212
-2.66423
7.88208
-3.10956
-0.923491
4.38295
0.153692
-1.50128
5.67969
0.802862
-1.39501
5.08448
3.32902
3.86286
5.63938
-0.129262
2.36257
7.3353
-3.89689
-3.24645
4.65978
-0.410096
0.185845
4.25948
-0.0871421
2.4158
6.30267
0.067572
-2.1073
7.56884
2.33364
-2.78469
4.30993
0.395823
-1.78966
6.96094
2.79309
2.46282
4.44258
1.03527
-2.40867
6.3106
3.19077
3.30723
7.10049
-0.987247
-2.30177
7.22976
0.851167
-1.85637
4.68565
-2.08855
0.369769
6.72174
-1.04262
-2.3576
7.34681
-3.52931
1.96692
4.56266
3.20752
-3.99336
7.86138
-2.74548
3.70228
4.14368
-1.18529
-1.26374
5.22213
0.15674
0.846935
4.57685
-1.17477
0.816208
7.82679
-1.17847
-0.42224
6.2058
-1.53087
1.91536
7.172
1.0628
-0.989813
7.13542
-3.96234
-2.28225
7.3647
-0.758973
0.0195574
5.23149
-3.90575
-0.0429155
6.94077
3.81257
-2.26174
6.12306
0.840124
-3.77763
4.29046
-0.18379
2.72856
5.98685
-3.46714
-0.244689
6.6279
-0.128373
-2.18567
6.09027
-0.120268
-2.41475
6.41696
-2.99227
-0.595685
4.56804
3.62996
0.574439
5.25843
-2.12164
2.14663
4.74893
